user_id,Precision@10 - macro,Recall@10 - macro,F1@10 - macro,NDCG@10
1,0.3,0.75,0.4285714285714285,0.9329736800323636
10,0.6,0.23076923076923078,0.33333333333333337,0.966331457581766
100,0.8,0.7272727272727273,0.761904761904762,0.8996717763175601
1000,0.3,0.6,0.4,0.9355621525420367
1001,1.0,0.18518518518518517,0.3125,0.9775543050545107
1002,0.6,0.75,0.6666666666666665,0.9775543050545107
1003,0.3333333333333333,1.0,0.5,1.0
1004,0.8,0.18604651162790697,0.3018867924528302,0.9314679685068418
1005,0.3,0.3,0.3,0.9514437413643363
1006,0.5555555555555556,1.0,0.7142857142857143,0.8636611894342437
1007,0.5714285714285714,1.0,0.7272727272727273,0.9002361499479596
1008,0.3333333333333333,0.75,0.46153846153846156,0.9816529495294899
1009,0.7,0.875,0.7777777777777777,0.976953678861645
101,0.9,0.5294117647058824,0.6666666666666667,0.9918115394479871
1010,1.0,0.10309278350515463,0.18691588785046725,0.9061644170168712
1011,0.5,1.0,0.6666666666666666,0.9903541827444501
1012,0.6,1.0,0.7499999999999999,0.9758676865232667
1013,0.7,1.0,0.8235294117647058,0.9488342891036482
1014,0.625,1.0,0.7692307692307693,0.9710997280725222
1015,1.0,0.06329113924050633,0.11904761904761907,0.9743714747496639
1016,0.9,0.42857142857142855,0.5806451612903225,0.938532686481868
1017,0.9,0.1836734693877551,0.30508474576271183,0.9621021941773628
1018,0.5,0.4166666666666667,0.45454545454545453,0.957287929429448
1019,0.7,0.07954545454545454,0.14285714285714285,0.8449315448267091
102,0.6,0.46153846153846156,0.5217391304347826,0.9115653751892346
1020,0.6,0.46153846153846156,0.5217391304347826,0.9320538982099184
1021,1.0,0.4,0.5714285714285715,0.9999999999999997
1022,0.8,0.5,0.6153846153846154,0.924133966594694
1023,0.7777777777777778,1.0,0.8750000000000001,0.9437438081547521
1024,0.5555555555555556,1.0,0.7142857142857143,0.9754765254638524
1025,0.8571428571428571,1.0,0.923076923076923,0.9629558279104746
1026,0.6666666666666666,1.0,0.8,0.9603083909846772
1027,0.8,1.0,0.888888888888889,0.9501843887080125
1028,0.8,1.0,0.888888888888889,0.961396769879651
1029,0.7,0.3181818181818182,0.4375,0.9445585905322252
103,0.7,0.4117647058823529,0.5185185185185185,0.9130486221884587
1030,0.7,0.3888888888888889,0.5,0.9128335708311988
1031,0.7,0.28,0.4,0.8220414237416548
1032,0.8,0.5714285714285714,0.6666666666666666,0.9805452845302242
1033,0.8,0.4,0.5333333333333333,0.9516656398534115
1034,0.9,0.23076923076923078,0.3673469387755102,0.9852385580984581
1035,0.7,0.6363636363636364,0.6666666666666666,0.898645658398266
1036,0.3333333333333333,0.75,0.46153846153846156,0.9599380420779554
1037,0.375,1.0,0.5454545454545454,0.9807296152589038
1038,0.7,0.30434782608695654,0.42424242424242425,0.9441312491850896
1039,0.5,1.0,0.6666666666666666,0.8669537623485047
104,0.6,1.0,0.7499999999999999,0.8818135668139552
1040,0.6,0.3333333333333333,0.42857142857142855,0.9769202292454552
1041,0.8,1.0,0.888888888888889,1.0
1042,0.2222222222222222,1.0,0.3636363636363636,0.8753182533241908
1043,0.625,1.0,0.7692307692307693,0.8847831079957124
1044,1.0,0.47619047619047616,0.6451612903225806,0.9639846796893623
1045,0.625,1.0,0.7692307692307693,0.8894342024553377
1046,0.6666666666666666,1.0,0.8,0.9423049703797938
1047,0.7,0.7,0.7,0.9300462383210639
1048,0.8888888888888888,1.0,0.9411764705882353,0.9884456739199504
1049,0.125,1.0,0.2222222222222222,0.9656190449875306
105,0.7,0.7777777777777778,0.7368421052631577,0.9191260364895353
1050,0.4,0.125,0.19047619047619047,0.9378686122898878
1051,1.0,0.10526315789473684,0.1904761904761905,0.9900119826614159
1052,0.7,0.7777777777777778,0.7368421052631577,0.9800239653228319
1053,0.8,0.24242424242424243,0.372093023255814,0.9538404584909105
1054,0.8,0.42105263157894735,0.5517241379310345,0.8980418188413577
1055,0.5,0.5,0.5,0.8699240268792905
1056,0.6,0.6666666666666666,0.631578947368421,0.9761804018692732
1057,1.0,0.5,0.6666666666666666,0.9775543050545107
1058,1.0,0.20408163265306123,0.3389830508474576,0.9459770195340433
1059,0.5,0.14705882352941177,0.22727272727272727,0.9225240748734744
106,0.4,1.0,0.5714285714285715,0.9680555702849517
1060,0.7,0.875,0.7777777777777777,0.9675563425799882
1061,0.7,0.875,0.7777777777777777,0.9447601152518535
1062,0.6,0.3,0.4,0.9775543050545107
1063,0.6,0.8571428571428571,0.7058823529411764,0.966331457581766
1064,0.8,0.6153846153846154,0.6956521739130435,0.9874482548586274
1065,0.5,0.45454545454545453,0.47619047619047616,0.980875655658761
1066,0.6,0.375,0.4615384615384615,0.9590310760250802
1067,0.9,0.6428571428571429,0.75,0.9752982650390741
1068,0.8,0.11940298507462686,0.20779220779220778,0.9692027789385074
1069,0.8,0.12307692307692308,0.21333333333333335,0.9714774994095509
107,0.6,0.42857142857142855,0.5,0.9362205301963548
1070,0.6,1.0,0.7499999999999999,1.0
1071,0.9,0.45,0.6,0.9918115394479871
1072,0.6,0.6,0.6,0.9719327044216451
1073,0.8,0.5714285714285714,0.6666666666666666,0.8832822503982154
1074,0.4,0.26666666666666666,0.32,0.8892672062700823
1075,0.6666666666666666,1.0,0.8,0.9884774682040075
1076,0.6666666666666666,1.0,0.8,0.8575683129594274
1077,0.7,0.28,0.4,0.9589171891171091
1078,0.3,0.375,0.33333333333333326,0.9639846796893623
1079,0.8,0.5714285714285714,0.6666666666666666,0.9619043607373888
108,0.75,1.0,0.8571428571428571,0.9644974408086175
1080,0.7,1.0,0.8235294117647058,0.9620726413507108
1081,0.7142857142857143,1.0,0.8333333333333333,0.9392404666784576
1082,0.3,0.75,0.4285714285714285,0.9192703702514405
1083,0.5,1.0,0.6666666666666666,0.9638076141627245
1084,0.8,0.6666666666666666,0.7272727272727272,0.961396769879651
1085,0.42857142857142855,1.0,0.6,0.9843417494919247
1086,1.0,0.2222222222222222,0.3636363636363636,0.9743714747496639
1087,0.8,0.1568627450980392,0.2622950819672131,0.9608415691338051
1088,0.9,0.08035714285714286,0.14754098360655737,0.9730273984566121
1089,0.5,0.8333333333333334,0.625,0.9588956692051315
109,0.8,0.5714285714285714,0.6666666666666666,0.9620669832973471
1090,0.3,0.75,0.4285714285714285,0.9119820824755311
1091,0.7142857142857143,1.0,0.8333333333333333,0.9602969881233554
1092,0.9,1.0,0.9473684210526316,0.935194964159999
1093,0.5,0.8333333333333334,0.625,0.9288495173272048
1094,0.6,0.375,0.4615384615384615,0.9727601985864504
1095,0.25,1.0,0.4,0.9466382353363926
1096,0.7,0.25,0.3684210526315789,0.851090115514413
1097,0.6,0.3333333333333333,0.42857142857142855,0.9391553336171193
1098,0.8571428571428571,1.0,0.923076923076923,1.0
1099,0.9,0.42857142857142855,0.5806451612903225,0.9765981605138886
11,0.7,0.3888888888888889,0.5,0.9256419590020184
110,0.7,1.0,0.8235294117647058,0.9762708939733086
1100,1.0,0.25,0.4,0.9623548488793522
1101,0.6,0.1,0.17142857142857143,0.9258177965804658
1102,0.16666666666666666,1.0,0.2857142857142857,1.0
1103,0.6,0.8571428571428571,0.7058823529411764,0.9062849173399949
1104,0.6,1.0,0.7499999999999999,0.941245063628505
1105,0.4,0.4444444444444444,0.4210526315789474,0.9850463729121222
1106,0.6,0.75,0.6666666666666665,0.9292147251999483
1107,0.7,0.7,0.7,0.9727456930200904
1108,0.4444444444444444,1.0,0.6153846153846153,0.9141707877063218
1109,0.8,0.5333333333333333,0.64,0.979942708121362
111,0.8,0.6666666666666666,0.7272727272727272,0.9396700019622104
1110,0.6,1.0,0.7499999999999999,0.9765981605138886
1111,0.7142857142857143,1.0,0.8333333333333333,0.9365152502313839
1112,0.9,0.11842105263157894,0.20930232558139536,0.971140221485929
1113,1.0,0.20833333333333334,0.3448275862068966,0.9743714747496639
1114,0.8,0.6153846153846154,0.6956521739130435,0.9613324023006674
1115,0.6,0.6,0.6,0.9713087118943277
1116,0.6,0.3,0.4,0.9209847167934919
1117,1.0,0.09174311926605505,0.16806722689075632,0.9820012349491912
1118,0.6666666666666666,1.0,0.8,0.9533623913642175
1119,0.9,0.17647058823529413,0.2950819672131148,0.9656340243729868
112,0.6,1.0,0.7499999999999999,0.9516025231034536
1120,1.0,0.09803921568627451,0.17857142857142855,0.9918115394479871
1121,0.8,0.17391304347826086,0.2857142857142857,0.9403335700655459
1122,0.7,0.5833333333333334,0.6363636363636365,0.9466970991111561
1123,0.5,1.0,0.6666666666666666,0.9389323058292152
1124,1.0,0.18867924528301888,0.3174603174603175,0.987185737374832
1125,0.8,0.15384615384615385,0.25806451612903225,0.961396769879651
1126,0.6,1.0,0.7499999999999999,0.9566893647990653
1127,0.8,0.47058823529411764,0.5925925925925927,0.9683411523335436
1128,1.0,0.20833333333333334,0.3448275862068966,0.9639846796893623
1129,0.5,0.625,0.5555555555555556,0.95850761954505
113,0.7,0.875,0.7777777777777777,0.9196420593208217
1130,0.9,0.21428571428571427,0.3461538461538461,0.955474764697624
1131,0.9,0.47368421052631576,0.6206896551724138,0.9918115394479871
1132,0.7,0.35,0.4666666666666667,0.9800823463320214
1133,0.7,0.4375,0.5384615384615384,0.9451733769924889
1134,0.8,0.38095238095238093,0.5161290322580645,0.9820012349491912
1135,0.8,0.38095238095238093,0.5161290322580645,0.9891626844604463
1136,0.8,1.0,0.888888888888889,0.9620669832973471
1137,0.8,0.11428571428571428,0.19999999999999998,0.9403335700655459
1138,1.0,0.7692307692307693,0.8695652173913044,0.9800239653228319
1139,0.9,0.391304347826087,0.5454545454545454,0.9476723049203274
114,0.9,0.75,0.8181818181818182,0.9237712445803263
1140,0.9,0.19148936170212766,0.3157894736842105,0.9255403252245727
1141,0.8,0.15384615384615385,0.25806451612903225,0.9642614582190867
1142,0.7,0.2692307692307692,0.3888888888888889,0.8939274106298842
1143,0.4,0.8,0.5333333333333333,0.9700927458242443
1144,0.4,1.0,0.5714285714285715,0.9596413217455951
1145,0.5,1.0,0.6666666666666666,0.9600862786388245
1146,1.0,0.24390243902439024,0.39215686274509803,0.8835468027883462
1147,0.7,0.17073170731707318,0.2745098039215686,0.9265948852074666
1148,0.8,0.8888888888888888,0.8421052631578948,0.9223982434587406
1149,0.6,0.6,0.6,0.9641209249522912
115,0.625,1.0,0.7692307692307693,0.926254636547807
1150,0.9,0.06206896551724138,0.11612903225806452,0.9606719826117069
1151,0.9,0.23684210526315788,0.375,0.95329412838341
1152,0.7,0.6363636363636364,0.6666666666666666,0.9773666587256841
1153,0.5,0.5555555555555556,0.5263157894736842,0.8042233789893122
1154,0.4,1.0,0.5714285714285715,0.9655158377544538
1155,0.7,0.3684210526315789,0.48275862068965514,0.940696953698938
1156,0.5,0.7142857142857143,0.588235294117647,0.9033997305322357
1157,0.8,1.0,0.888888888888889,0.9823377951878006
1158,0.7,0.875,0.7777777777777777,0.9585011058370804
1159,0.7,0.5384615384615384,0.608695652173913,0.883841372075521
116,0.7,0.5833333333333334,0.6363636363636365,0.9743036499695971
1160,0.1,0.3333333333333333,0.15384615384615383,0.9086199576515237
1161,0.8,0.8888888888888888,0.8421052631578948,0.9723705493124036
1162,0.6,0.4,0.48,0.9145952561729114
1163,0.4,0.5714285714285714,0.47058823529411764,0.9213729855867898
1164,0.9,0.15789473684210525,0.26865671641791045,0.9359389225264995
1165,0.6,0.4,0.48,0.9509834241427183
1166,0.3333333333333333,1.0,0.5,0.9253224675827492
1167,0.5,0.7142857142857143,0.588235294117647,0.9673479050495373
1168,0.5,0.21739130434782608,0.30303030303030304,0.9673479050495373
1169,0.8,0.5714285714285714,0.6666666666666666,0.9046826887656433
117,0.9,0.18,0.3,0.9723705493124036
1170,0.9,0.23684210526315788,0.375,0.9531963210277772
1171,0.5,1.0,0.6666666666666666,0.927423988195683
1172,0.9,0.1875,0.31034482758620696,0.9729375088020854
1173,0.7,0.30434782608695654,0.42424242424242425,0.9656134849103416
1174,0.6,1.0,0.7499999999999999,0.9091851640568531
1175,0.4,0.5714285714285714,0.47058823529411764,0.9683411523335436
1176,0.6,0.5454545454545454,0.5714285714285713,0.966331457581766
1177,0.7,0.6363636363636364,0.6666666666666666,0.9733682215193104
1178,0.5,1.0,0.6666666666666666,0.9154408695622821
1179,0.9,0.3333333333333333,0.48648648648648646,0.9730273984566121
118,0.8,0.32,0.45714285714285713,0.9755150895700179
1180,0.625,1.0,0.7692307692307693,0.9864254493615104
1181,0.9,0.046875,0.08910891089108912,0.9036750150479825
1182,0.9,0.25,0.391304347826087,0.9765981605138886
1183,0.9,0.47368421052631576,0.6206896551724138,0.9729375088020854
1184,0.7,0.35,0.4666666666666667,0.9010464678166462
1185,0.7,0.5384615384615384,0.608695652173913,0.9352272790319597
1186,0.4,0.3076923076923077,0.34782608695652173,0.9828170121864932
1187,0.42857142857142855,1.0,0.6,0.9652350800462883
1188,0.42857142857142855,1.0,0.6,0.9964578826436817
1189,0.8,1.0,0.888888888888889,0.9892252110944457
119,0.4,0.4,0.4000000000000001,0.9110322459192896
1190,0.6666666666666666,1.0,0.8,0.9423049703797938
1191,0.5,0.5555555555555556,0.5263157894736842,0.9569497692764579
1192,0.8333333333333334,1.0,0.9090909090909091,0.9855580601895093
1193,0.7,0.25,0.3684210526315789,0.9395897603780218
1194,0.7,0.11666666666666667,0.2,0.9617518480770544
1195,0.7,0.5384615384615384,0.608695652173913,0.8807118105574384
1196,0.6,0.375,0.4615384615384615,0.9612728225058875
1197,0.6,1.0,0.7499999999999999,0.9783446823995325
1198,0.8,0.7272727272727273,0.761904761904762,0.9646777740304642
1199,0.7,0.28,0.4,0.9583179517131674
12,0.6,1.0,0.7499999999999999,0.9354814701229011
120,0.5,0.8333333333333334,0.625,0.9630582022515672
1200,0.625,1.0,0.7692307692307693,0.9291793005291686
1201,0.7,0.6363636363636364,0.6666666666666666,0.9605041282963958
1202,0.6,0.1016949152542373,0.17391304347826086,0.9206754805953071
1203,1.0,0.10752688172043011,0.19417475728155342,0.9615572121244959
1204,0.7,0.5,0.5833333333333334,0.9062989451326559
1205,0.4,0.5,0.4444444444444445,0.9031912168759328
1206,0.9,0.45,0.6,0.9655471885082402
1207,0.9,0.15,0.2571428571428572,0.9471761594947345
1208,0.8,1.0,0.888888888888889,0.9410422906067071
1209,0.7,0.3888888888888889,0.5,0.9569186709540611
121,0.8,0.8888888888888888,0.8421052631578948,0.9910006174745954
1210,0.375,1.0,0.5454545454545454,0.8446836277509424
1211,0.9,0.1956521739130435,0.3214285714285714,0.9817629961853291
1212,0.5,0.8333333333333334,0.625,0.9837040231634792
1213,0.8,1.0,0.888888888888889,0.9231372511788267
1214,0.7,1.0,0.8235294117647058,0.9403515163137811
1215,0.7,0.7,0.7,0.9692027789385074
1216,1.0,0.37037037037037035,0.5405405405405406,0.9820012349491912
1217,0.5,1.0,0.6666666666666666,0.9732457461129788
1218,0.7,0.2692307692307692,0.3888888888888889,0.9466970991111561
1219,0.8,0.2857142857142857,0.4210526315789473,0.9301955153894367
122,0.6,0.8571428571428571,0.7058823529411764,0.9386243920416573
1220,0.6,0.2857142857142857,0.3870967741935483,0.9080261726604013
1221,0.6,0.2608695652173913,0.36363636363636365,0.9887771525272553
1222,0.3,1.0,0.4615384615384615,0.9818620557007603
1223,0.7,0.3333333333333333,0.45161290322580644,0.8974307062163558
1224,0.7,0.1590909090909091,0.25925925925925924,0.9800239653228319
1225,0.5,1.0,0.6666666666666666,0.9549531552210769
1226,0.4,1.0,0.5714285714285715,0.9281639192657163
1227,0.8,0.3076923076923077,0.4444444444444444,0.9620669832973471
1228,1.0,0.2702702702702703,0.4255319148936171,0.9639846796893623
1229,0.6666666666666666,1.0,0.8,0.9133342159011105
123,0.8,0.13333333333333333,0.2285714285714286,0.9543504308639281
1230,0.8,0.1951219512195122,0.3137254901960785,0.9400616512540532
1231,0.8,0.5,0.6153846153846154,0.985094176170046
1232,0.7,0.4375,0.5384615384615384,0.9800239653228319
1233,0.4,0.6666666666666666,0.5,0.9680555702849517
1234,0.8,1.0,0.888888888888889,0.9777568761062976
1235,0.6,1.0,0.7499999999999999,0.9683787823485329
1236,0.8,1.0,0.888888888888889,0.977772496389062
1237,0.5,1.0,0.6666666666666666,0.9027308530334316
1238,0.7777777777777778,1.0,0.8750000000000001,0.9371273596171804
1239,0.6,0.5454545454545454,0.5714285714285713,0.9240819115429191
124,0.4,1.0,0.5714285714285715,0.9719705792069783
1240,0.5,1.0,0.6666666666666666,0.9866446675408873
1241,0.8,0.36363636363636365,0.5000000000000001,0.9820012349491912
1242,0.8,0.1111111111111111,0.19512195121951217,0.9033395422768534
1243,1.0,0.23255813953488372,0.37735849056603776,0.9551391187363665
1244,0.9,0.17647058823529413,0.2950819672131148,0.969633518759356
1245,0.5,1.0,0.6666666666666666,0.9352298926016286
1246,1.0,0.15873015873015872,0.27397260273972607,0.9743714747496639
1247,0.5,1.0,0.6666666666666666,0.9226225321646382
1248,0.8,0.6666666666666666,0.7272727272727272,0.9503170980205791
1249,0.6,1.0,0.7499999999999999,0.9869158169801626
125,0.6,0.6666666666666666,0.631578947368421,0.987649132519537
1250,0.4,1.0,0.5714285714285715,0.9073969355535362
1251,0.8888888888888888,1.0,0.9411764705882353,0.9758604672833519
1252,0.4,0.4444444444444444,0.4210526315789474,0.9700537533456463
1253,0.6,0.6,0.6,0.9137583818098343
1254,0.9,0.5294117647058824,0.6666666666666667,0.9359389225264995
1255,0.8,0.27586206896551724,0.4102564102564103,0.9429781557356904
1256,0.7142857142857143,1.0,0.8333333333333333,0.9798573892332986
1257,0.5,1.0,0.6666666666666666,0.9425996923686107
1258,0.4444444444444444,1.0,0.6153846153846153,0.9763974462838353
1259,0.7,1.0,0.8235294117647058,0.9797892136820553
126,0.6,0.8571428571428571,0.7058823529411764,0.9216563930967762
1260,1.0,0.14705882352941177,0.25641025641025644,0.9639846796893623
1261,0.8,0.3333333333333333,0.47058823529411764,0.9485716560409011
1262,0.7,0.4375,0.5384615384615384,0.9434299082704013
1263,0.9,0.32142857142857145,0.4736842105263158,0.8998075511534604
1264,0.9,0.1111111111111111,0.1978021978021978,0.9309445885171069
1265,0.8,0.21621621621621623,0.3404255319148936,0.9144934937820751
1266,1.0,0.1388888888888889,0.24390243902439027,0.9918115394479871
1267,0.6,0.3157894736842105,0.41379310344827586,0.910222029638444
1268,0.6,0.2608695652173913,0.36363636363636365,0.9765981605138886
1269,0.5714285714285714,1.0,0.7272727272727273,0.9453913039233418
127,1.0,0.45454545454545453,0.625,0.9615572121244959
1270,0.5,1.0,0.6666666666666666,0.7688898390508906
1271,0.8,0.5333333333333333,0.64,0.9911554430582546
1272,0.8,0.2222222222222222,0.3478260869565218,0.9618674946795892
1273,1.0,0.18518518518518517,0.3125,0.9700927458242443
1274,0.8,0.10126582278481013,0.1797752808988764,0.9368104005576843
1275,0.6666666666666666,1.0,0.8,0.9437096722681818
1276,0.3,0.42857142857142855,0.3529411764705882,0.9235036961541088
1277,0.625,1.0,0.7692307692307693,0.9487471655362687
1278,0.8,0.8,0.8000000000000002,0.9484127518898294
1279,0.5,0.21739130434782608,0.30303030303030304,0.9325755209248788
128,0.8,1.0,0.888888888888889,0.9823377951878006
1280,0.7,1.0,0.8235294117647058,0.9440545777311469
1281,0.4,0.3333333333333333,0.3636363636363636,0.8704905536079097
1282,0.6,1.0,0.7499999999999999,0.914350021995858
1283,0.6,1.0,0.7499999999999999,0.8982180738154256
1284,1.0,0.1724137931034483,0.29411764705882354,0.966331457581766
1285,1.0,0.06493506493506493,0.12195121951219512,0.9775543050545107
1286,0.7,1.0,0.8235294117647058,0.9712218319553092
1287,0.5,0.7142857142857143,0.588235294117647,0.9729375088020854
1288,0.6,0.3333333333333333,0.42857142857142855,0.8346721168027553
1289,0.5,1.0,0.6666666666666666,0.9090438905962274
129,0.7,0.2916666666666667,0.4117647058823529,0.957287929429448
1290,0.8,1.0,0.888888888888889,0.9216446844389908
1291,0.6,0.17142857142857143,0.26666666666666666,0.9114116658142162
1292,0.6,1.0,0.7499999999999999,0.9222288199727156
1293,0.7,0.875,0.7777777777777777,0.9358548014436483
1294,0.5,0.23809523809523808,0.3225806451612903,0.95850761954505
1295,0.5,1.0,0.6666666666666666,0.954686159071123
1296,0.7,1.0,0.8235294117647058,0.8947926608851283
1297,0.9,0.1836734693877551,0.30508474576271183,0.950447586923794
1298,1.0,0.10309278350515463,0.18691588785046725,0.9639846796893623
1299,0.9,0.2903225806451613,0.4390243902439024,0.9765981605138886
13,0.4,0.4444444444444444,0.4210526315789474,0.9727804777401519
130,0.8,0.5,0.6153846153846154,0.9900596631958939
1300,0.6,0.3,0.4,0.916802623465078
1301,0.9,0.20930232558139536,0.339622641509434,0.9655471885082402
1302,0.5,0.7142857142857143,0.588235294117647,0.9536261794628986
1303,0.8,0.10666666666666667,0.18823529411764706,0.9550038693477845
1304,0.9,0.75,0.8181818181818182,0.9772781273305496
1305,0.4,1.0,0.5714285714285715,0.9439411584139565
1306,0.7,0.19444444444444445,0.30434782608695654,0.9800239653228319
1307,0.4,1.0,0.5714285714285715,0.9439411584139565
1308,0.6,0.5,0.5454545454545454,0.964851471192069
1309,0.4,1.0,0.5714285714285715,0.9439411584139565
131,0.7,0.1891891891891892,0.2978723404255319,0.9102518845657879
1310,0.8,1.0,0.888888888888889,0.9723243284958721
1311,0.7,0.3181818181818182,0.4375,0.9794338782855081
1312,0.6,0.46153846153846156,0.5217391304347826,0.9669049106785752
1313,0.6666666666666666,1.0,0.8,0.9282128882797498
1314,0.8,0.3333333333333333,0.47058823529411764,0.9225332259267592
1315,0.8,0.6666666666666666,0.7272727272727272,0.9820012349491912
1316,0.375,1.0,0.5454545454545454,0.9883884220683228
1317,0.9,0.08571428571428572,0.1565217391304348,0.9433451132486834
1318,0.4,1.0,0.5714285714285715,0.9999999999999999
1319,0.5,1.0,0.6666666666666666,0.8906900672411626
132,0.6,0.5454545454545454,0.5714285714285713,0.945134945643113
1320,0.6,0.6666666666666666,0.631578947368421,0.9531963210277772
1321,0.5,0.35714285714285715,0.41666666666666663,0.9396976683883166
1322,0.6,0.1935483870967742,0.2926829268292683,0.9523608037385465
1323,0.8,0.42105263157894735,0.5517241379310345,0.943856739573407
1324,0.5,0.45454545454545453,0.47619047619047616,0.95850761954505
1325,1.0,0.2222222222222222,0.3636363636363636,0.9544173319713032
1326,0.375,1.0,0.5454545454545454,0.9286235011306638
1327,0.6,0.75,0.6666666666666665,0.9622724438258744
1328,0.7,0.4666666666666667,0.56,0.9559148998771374
1329,0.9,0.225,0.36000000000000004,0.9589171891171091
133,0.8,0.34782608695652173,0.48484848484848486,0.9531726007498946
1330,0.5,1.0,0.6666666666666666,0.9415827696144436
1331,0.9,0.36,0.5142857142857143,0.9398810916827858
1332,0.42857142857142855,1.0,0.6,0.8719074483272847
1333,1.0,0.14492753623188406,0.25316455696202533,0.9999999999999997
1334,0.7,1.0,0.8235294117647058,0.9789451056218836
1335,1.0,0.25,0.4,0.941245063628505
1336,0.8,1.0,0.888888888888889,0.9505804787723792
1337,0.6,0.8571428571428571,0.7058823529411764,0.9369693326109447
1338,0.6,0.6,0.6,0.9421453490221288
1339,1.0,0.45454545454545453,0.625,0.9433451132486834
134,0.8,0.34782608695652173,0.48484848484848486,0.9313716360550324
1340,0.7,0.11290322580645161,0.19444444444444445,0.9049040979852526
1341,0.3,1.0,0.4615384615384615,0.8181950206351964
1342,0.8,0.7272727272727273,0.761904761904762,0.9575385771351258
1343,0.8,0.23529411764705882,0.3636363636363636,0.9619713787341377
1344,0.6,0.8571428571428571,0.7058823529411764,0.9857661908089422
1345,0.8,0.2857142857142857,0.4210526315789473,0.9269295350147488
1346,0.3333333333333333,1.0,0.5,0.8654346190280662
1347,0.8,0.34782608695652173,0.48484848484848486,0.9415980032759194
1348,0.9,0.42857142857142855,0.5806451612903225,0.9686346084460425
1349,0.75,0.8571428571428571,0.7999999999999999,0.9763184011256258
135,0.5,1.0,0.6666666666666666,0.9000631874177941
1350,0.7,0.4375,0.5384615384615384,0.95402857441048
1351,0.75,1.0,0.8571428571428571,0.9473616243939144
1352,0.7,0.35,0.4666666666666667,0.9184726487489852
1353,0.5,0.8333333333333334,0.625,0.9723768907463786
1354,0.7,0.11290322580645161,0.19444444444444445,0.9338722803172442
1355,0.3,0.75,0.4285714285714285,0.9560148757129591
1356,0.9,0.18,0.3,0.9681815650315259
1357,1.0,0.5,0.6666666666666666,0.9485716560409011
1358,0.5,0.23809523809523808,0.3225806451612903,0.9568499932212553
1359,0.8,0.8,0.8000000000000002,0.940192863600482
136,0.7,0.1891891891891892,0.2978723404255319,0.924138740928673
1360,0.5,1.0,0.6666666666666666,0.9454757814968716
1361,1.0,0.45454545454545453,0.625,0.9700927458242443
1362,0.7,0.30434782608695654,0.42424242424242425,0.9290645897468062
1363,0.4,1.0,0.5714285714285715,0.9439411584139565
1364,0.8,1.0,0.888888888888889,0.8997365696261422
1365,0.8,0.7272727272727273,0.761904761904762,0.9472706608899315
1366,0.9,0.47368421052631576,0.6206896551724138,0.9747347961182418
1367,0.8,0.27586206896551724,0.4102564102564103,0.9552398675935881
1368,0.5555555555555556,1.0,0.7142857142857143,0.9709100540681821
1369,0.8,0.1568627450980392,0.2622950819672131,0.9732457461129788
137,0.8,0.3333333333333333,0.47058823529411764,0.9398257009614546
1370,0.6,0.5454545454545454,0.5714285714285713,0.9727601985864504
1371,0.7777777777777778,1.0,0.8750000000000001,0.9897624406273914
1372,0.6,1.0,0.7499999999999999,0.9426400519080201
1373,0.7,0.7777777777777778,0.7368421052631577,0.8963840202659498
1374,0.8,0.8,0.8000000000000002,0.9712998461843051
1375,0.8,0.8888888888888888,0.8421052631578948,0.9552398675935881
1376,0.3,0.6,0.4,0.9639846796893623
1377,0.9,0.140625,0.24324324324324326,0.8678246703848687
1378,0.6,1.0,0.7499999999999999,0.9887771525272553
1379,0.7142857142857143,1.0,0.8333333333333333,0.7582426004447584
138,0.7,0.875,0.7777777777777777,0.9800239653228319
1380,0.4,0.17391304347826086,0.24242424242424243,0.9531360636525655
1381,0.4,0.8,0.5333333333333333,0.9155570993392367
1382,0.75,1.0,0.8571428571428571,0.9520015691056984
1383,0.6,0.08108108108108109,0.14285714285714288,0.9433544678601913
1384,0.6,1.0,0.7499999999999999,0.7810697120669375
1385,0.4,1.0,0.5714285714285715,0.9073969355535362
1386,0.7,0.875,0.7777777777777777,0.9800239653228319
1387,0.8,0.25806451612903225,0.3902439024390244,0.902396742027688
1388,0.3,0.75,0.4285714285714285,0.95402857441048
1389,0.9,0.15,0.2571428571428572,0.971140221485929
139,0.8,0.26666666666666666,0.4,0.9538404584909105
1390,0.8,0.17391304347826086,0.2857142857142857,0.9569497692764579
1391,0.6,0.3,0.4,0.9426063186233334
1392,1.0,0.45454545454545453,0.625,0.9544173319713032
1393,0.7,0.7,0.7,0.9900119826614159
1394,0.5,1.0,0.6666666666666666,0.8712871760326776
1395,1.0,0.2564102564102564,0.4081632653061224,0.9910006174745954
1396,0.8,0.32,0.45714285714285713,0.9106099306590976
1397,0.6,1.0,0.7499999999999999,0.9385378697725244
1398,0.75,1.0,0.8571428571428571,0.9079659488162974
1399,0.9,0.24324324324324326,0.3829787234042553,0.950447586923794
14,0.6,1.0,0.7499999999999999,0.9252303696192802
140,0.6,0.8571428571428571,0.7058823529411764,0.9765981605138886
1400,0.3,0.6,0.4,0.9643904239517789
1401,0.7,1.0,0.8235294117647058,0.969349091682622
1402,0.6,1.0,0.7499999999999999,0.9510301791400355
1403,0.7,1.0,0.8235294117647058,0.9733682215193104
1404,0.9,0.23684210526315788,0.375,0.962749222671207
1405,0.6666666666666666,1.0,0.8,0.9878865258184415
1406,0.75,1.0,0.8571428571428571,0.9192205823113205
1407,0.8,0.2962962962962963,0.43243243243243246,0.9368104005576843
1408,0.7,0.6363636363636364,0.6666666666666666,0.8839151779912803
1409,0.4,0.4444444444444444,0.4210526315789474,0.9557156742953746
141,0.4,1.0,0.5714285714285715,0.9345716837371966
1410,0.7,0.5833333333333334,0.6363636363636365,0.9717149541352007
1411,0.4,1.0,0.5714285714285715,0.9828170121864932
1412,0.4,1.0,0.5714285714285715,0.9611059281538614
1413,0.8,0.32,0.45714285714285713,0.9250159048736856
1414,0.8,0.8,0.8000000000000002,0.9647709743707091
1415,0.7,0.3181818181818182,0.4375,0.9929324059109185
1416,0.6,1.0,0.7499999999999999,0.9653163561640493
1417,0.6666666666666666,1.0,0.8,0.9624338013732257
1418,0.8,0.38095238095238093,0.5161290322580645,0.9886420720578069
1419,0.6,1.0,0.7499999999999999,0.9230432925639543
142,0.7,1.0,0.8235294117647058,0.8778371092540121
1420,0.5,0.16129032258064516,0.24390243902439024,0.9811392901189068
1421,0.6,0.2222222222222222,0.32432432432432434,0.9455207946460652
1422,0.3,0.07894736842105263,0.125,0.9591283742506654
1423,0.6,0.75,0.6666666666666665,0.9672947012583653
1424,0.5555555555555556,1.0,0.7142857142857143,0.9417114350791934
1425,1.0,0.11363636363636363,0.20408163265306123,0.9910006174745954
1426,0.9,0.2727272727272727,0.41860465116279066,0.9611499012727941
1427,0.9,0.45,0.6,0.945875017604171
1428,0.6,0.8571428571428571,0.7058823529411764,0.8691020160894619
1429,0.8,1.0,0.888888888888889,0.9176745098398703
143,0.6,0.75,0.6666666666666665,0.9171799563386781
1430,0.3,0.375,0.33333333333333326,0.9611499012727941
1431,0.8,1.0,0.888888888888889,0.977772496389062
1432,0.42857142857142855,1.0,0.6,0.9460085847015108
1433,0.6,0.6666666666666666,0.631578947368421,0.9530822085084355
1434,0.7,0.2692307692307692,0.3888888888888889,0.9614966735252423
1435,0.5714285714285714,1.0,0.7272727272727273,0.9582053945301783
1436,0.7,0.7777777777777778,0.7368421052631577,0.8985871649427054
1437,0.8,0.38095238095238093,0.5161290322580645,0.9910006174745954
1438,0.5555555555555556,1.0,0.7142857142857143,0.9477331569400916
1439,0.6666666666666666,1.0,0.8,0.980930574956593
144,0.7142857142857143,1.0,0.8333333333333333,0.9576662110103594
1440,0.7,0.3684210526315789,0.48275862068965514,0.940696953698938
1441,0.6,0.6666666666666666,0.631578947368421,0.9183674980599276
1442,0.9,0.5294117647058824,0.6666666666666667,0.9680555702849517
1443,0.5714285714285714,1.0,0.7272727272727273,0.9656775622434881
1444,0.6666666666666666,1.0,0.8,1.0000000000000002
1445,0.5714285714285714,1.0,0.7272727272727273,0.9313060552408148
1446,0.7,0.5833333333333334,0.6363636363636365,0.9700359479842476
1447,0.7,0.07446808510638298,0.13461538461538458,0.9617518480770544
1448,0.8,0.05517241379310345,0.1032258064516129,0.9410422906067071
1449,1.0,0.05747126436781609,0.10869565217391304,0.9688940990011058
145,0.5,1.0,0.6666666666666666,0.8794570767956512
1450,0.7,0.875,0.7777777777777777,0.8889212943105822
1451,1.0,0.09523809523809523,0.17391304347826084,0.9775543050545107
1452,0.75,1.0,0.8571428571428571,0.9473616243939144
1453,0.5,1.0,0.6666666666666666,0.8395802808218166
1454,0.6,1.0,0.7499999999999999,0.9999999999999999
1455,0.8,0.8888888888888888,0.8421052631578948,0.9506224488010795
1456,0.4,1.0,0.5714285714285715,0.8625779291255772
1457,0.7,0.3333333333333333,0.45161290322580644,0.9800239653228319
1458,0.6,0.6,0.6,0.9887771525272553
1459,0.6,1.0,0.7499999999999999,0.904950275245331
146,0.8,0.14035087719298245,0.23880597014925373,0.8945572257528631
1460,0.6666666666666666,1.0,0.8,0.9081491181971967
1461,0.6,1.0,0.7499999999999999,0.942287268426894
1462,0.625,1.0,0.7692307692307693,0.9556891452960714
1463,0.8,0.6666666666666666,0.7272727272727272,0.9620669832973471
1464,0.9,0.6,0.7200000000000001,0.9789546892969045
1465,0.9,0.11842105263157894,0.20930232558139536,0.9611499012727941
1466,0.8,0.2857142857142857,0.4210526315789473,0.9340555896941443
1467,0.6,0.75,0.6666666666666665,0.9455203971729008
1468,0.8,0.7272727272727273,0.761904761904762,0.9510905148854427
1469,0.42857142857142855,1.0,0.6,0.9493099344140077
147,0.9,0.42857142857142855,0.5806451612903225,0.9655471885082402
1470,0.8,0.125,0.21621621621621623,0.8836670029334579
1471,0.8333333333333334,1.0,0.9090909090909091,0.9905566824971503
1472,0.7,0.30434782608695654,0.42424242424242425,0.9747680736607058
1473,0.7,0.4117647058823529,0.5185185185185185,0.9237405224186584
1474,0.6,0.5454545454545454,0.5714285714285713,0.9538404584909105
1475,0.9,0.6923076923076923,0.7826086956521738,0.9659288142918102
1476,0.3,0.75,0.4285714285714285,0.9539335635384133
1477,0.5714285714285714,1.0,0.7272727272727273,0.952178939468441
1478,0.5714285714285714,1.0,0.7272727272727273,0.9977237159865424
1479,0.5,1.0,0.6666666666666666,0.9026032323565799
148,0.7,0.08641975308641975,0.15384615384615385,0.9235689872780217
1480,0.4444444444444444,1.0,0.6153846153846153,0.8933785840875627
1481,0.6,0.5454545454545454,0.5714285714285713,0.9887771525272553
1482,0.4,0.8,0.5333333333333333,0.872280579337487
1483,1.0,0.3225806451612903,0.4878048780487805,0.9163466648442231
1484,0.8,0.2,0.32000000000000006,0.9173068508909352
1485,0.6,1.0,0.7499999999999999,0.9927632582514461
1486,0.5,1.0,0.6666666666666666,0.9622503430906041
1487,0.5555555555555556,1.0,0.7142857142857143,0.9418210003907962
1488,0.6,1.0,0.7499999999999999,1.0
1489,0.7,0.12727272727272726,0.2153846153846154,0.857622021628323
149,0.9,0.10465116279069768,0.1875,0.9687422649163075
1490,0.9,0.3,0.45000000000000007,0.9753583007041859
1491,0.6,0.2727272727272727,0.37499999999999994,0.9297029423841379
1492,0.8,0.7272727272727273,0.761904761904762,0.9600068657468042
1493,0.75,1.0,0.8571428571428571,0.934899397081294
1494,0.8,0.5714285714285714,0.6666666666666666,0.9693539462556316
1495,0.8,0.47058823529411764,0.5925925925925927,0.9385009319790706
1496,0.8,0.10526315789473684,0.18604651162790697,0.9078095026641807
1497,1.0,0.35714285714285715,0.5263157894736842,0.9551391187363665
1498,0.8,0.47058823529411764,0.5925925925925927,0.9744318425280217
1499,0.8,0.7272727272727273,0.761904761904762,0.9723705493124036
15,0.5,0.3333333333333333,0.4,0.9421376930954983
150,0.9,0.2647058823529412,0.40909090909090906,0.9897313383008353
1500,0.8,0.5714285714285714,0.6666666666666666,0.9576542610258083
1501,0.9,0.10975609756097561,0.1956521739130435,0.9828170121864932
1502,0.8,0.2857142857142857,0.4210526315789473,0.9526587314715869
1503,0.6,0.25,0.35294117647058826,0.8940242198445337
1504,0.7777777777777778,1.0,0.8750000000000001,0.9371273596171804
1505,0.4,0.09523809523809523,0.15384615384615385,0.963659988845536
1506,0.8,0.5714285714285714,0.6666666666666666,0.9657144373606007
1507,0.5,0.8333333333333334,0.625,0.945875017604171
1508,0.5,1.0,0.6666666666666666,0.9243081085904454
1509,0.6,0.15789473684210525,0.25,0.9172496326366152
151,0.6,0.1016949152542373,0.17391304347826086,0.9579795550739632
1510,0.42857142857142855,1.0,0.6,0.9582899569758742
1511,0.4,0.5714285714285714,0.47058823529411764,0.95329412838341
1512,0.42857142857142855,1.0,0.6,0.8868129215240717
1513,0.4,0.5714285714285714,0.47058823529411764,0.950872582471445
1514,0.9,0.5625,0.6923076923076923,0.9887961892859579
1515,0.6,1.0,0.7499999999999999,0.9406335599074369
1516,0.7,0.2692307692307692,0.3888888888888889,0.9188214676986791
1517,0.5,1.0,0.6666666666666666,0.9160587057284028
1518,0.6,1.0,0.7499999999999999,0.9967628873465755
1519,0.7,0.5833333333333334,0.6363636363636365,0.931594577816464
152,0.6,1.0,0.7499999999999999,0.9566893647990653
1520,0.6,1.0,0.7499999999999999,0.9315590555090092
1521,0.5,0.8333333333333334,0.625,0.9863798154728444
1522,0.6,0.6666666666666666,0.631578947368421,0.9669049106785752
1523,0.5,0.5,0.5,0.9351433411945154
1524,0.9,0.28125,0.4285714285714286,0.9775923785719159
1525,0.7,0.5,0.5833333333333334,0.9334176756317973
1526,0.2857142857142857,1.0,0.4444444444444445,0.9499002038544413
1527,0.3,0.6,0.4,0.9086316306676521
1528,0.6,1.0,0.7499999999999999,0.9266602667278535
1529,0.8333333333333334,1.0,0.9090909090909091,0.9535585383789081
153,0.5,1.0,0.6666666666666666,0.9722173116998194
1530,1.0,0.16666666666666666,0.2857142857142857,0.9700927458242443
1531,0.5,1.0,0.6666666666666666,0.9701544190434388
1532,0.7,0.3888888888888889,0.5,0.9330588245555299
1533,0.6,0.6666666666666666,0.631578947368421,0.944651369352395
1534,0.2,1.0,0.33333333333333337,1.0
1535,0.5,1.0,0.6666666666666666,0.884523211845676
1536,0.5,1.0,0.6666666666666666,1.0
1537,0.5,1.0,0.6666666666666666,0.9034231542147283
1538,0.6,0.6,0.6,0.9579795550739632
1539,0.5,1.0,0.6666666666666666,0.9584269942167954
154,0.6666666666666666,1.0,0.8,0.904597298316761
1540,0.7,0.5384615384615384,0.608695652173913,0.9466970991111561
1541,0.8333333333333334,1.0,0.9090909090909091,0.9704653899115052
1542,0.9,0.21428571428571427,0.3461538461538461,0.9861604423416318
1543,0.4,0.23529411764705882,0.29629629629629634,0.9617007622565275
1544,0.6,0.2857142857142857,0.3870967741935483,0.8737362429763537
1545,0.6,0.5,0.5454545454545454,0.9323585143196067
1546,0.9,0.19148936170212766,0.3157894736842105,0.95850761954505
1547,0.9,0.45,0.6,0.9611499012727941
1548,0.8,1.0,0.888888888888889,0.9127779162577262
1549,0.6,1.0,0.7499999999999999,0.9691767938538165
155,0.8,0.8,0.8000000000000002,0.963782001958914
1550,0.6666666666666666,1.0,0.8,0.9586636195124882
1551,0.5,0.4166666666666667,0.45454545454545453,0.9708900262476708
1552,0.8,0.22857142857142856,0.3555555555555555,0.9655655986918702
1553,0.5555555555555556,1.0,0.7142857142857143,0.9144867751470351
1554,0.42857142857142855,1.0,0.6,0.9343703883241092
1555,0.9,0.9,0.9,0.9918115394479871
1556,0.6,0.2,0.3,0.9503938157486606
1557,0.5,0.8333333333333334,0.625,0.9588956692051315
1558,0.5,1.0,0.6666666666666666,0.9647650825502156
1559,0.7,1.0,0.8235294117647058,0.9570205952406418
156,0.4,0.4,0.4000000000000001,0.95329412838341
1560,0.8,0.42105263157894735,0.5517241379310345,0.8924498269679487
1561,0.9,0.4090909090909091,0.5625000000000001,0.9765981605138886
1562,0.625,1.0,0.7692307692307693,0.9483898740976754
1563,0.7,0.6363636363636364,0.6666666666666666,0.9598199558246164
1564,0.4,0.6666666666666666,0.5,0.9617007622565275
1565,0.7,1.0,0.8235294117647058,0.9747680736607058
1566,0.6,1.0,0.7499999999999999,1.0
1567,0.8,0.6666666666666666,0.7272727272727272,0.9144934937820751
1568,0.8333333333333334,1.0,0.9090909090909091,0.9535585383789081
1569,0.7,0.7777777777777778,0.7368421052631577,0.9700359479842476
157,0.9,0.19148936170212766,0.3157894736842105,0.938532686481868
1570,0.6,0.8571428571428571,0.7058823529411764,0.9565992157446412
1571,0.9,0.391304347826087,0.5454545454545454,0.9433451132486834
1572,0.3333333333333333,1.0,0.5,0.875778679658095
1573,0.6666666666666666,1.0,0.8,0.9624338013732257
1574,0.4,1.0,0.5714285714285715,0.9081481678746091
1575,0.7,1.0,0.8235294117647058,0.9146538306218301
1576,0.8,1.0,0.888888888888889,0.9705482794050443
1577,0.4,0.3333333333333333,0.3636363636363636,0.8980096352206061
1578,0.5714285714285714,1.0,0.7272727272727273,0.9473782013585036
1579,0.9,0.1111111111111111,0.1978021978021978,0.9730273984566121
158,0.8,1.0,0.888888888888889,0.9378684116355183
1580,0.375,1.0,0.5454545454545454,0.8513885786327351
1581,0.4444444444444444,1.0,0.6153846153846153,0.9505048805144214
1582,0.4,1.0,0.5714285714285715,0.8674081436565042
1583,0.7,1.0,0.8235294117647058,0.9598698851248056
1584,0.7,0.14,0.23333333333333336,0.8717665354738746
1585,0.6,0.5,0.5454545454545454,0.88781049541622
1586,0.7,0.14893617021276595,0.24561403508771928,0.9900119826614159
1587,0.8,0.16,0.26666666666666666,0.9842005145238071
1588,0.6,1.0,0.7499999999999999,0.9653670242557972
1589,0.8,0.7272727272727273,0.761904761904762,0.933287231049823
159,0.75,1.0,0.8571428571428571,0.8870610095275082
1590,0.5,1.0,0.6666666666666666,0.9693639701225903
1591,1.0,0.25,0.4,0.9999999999999997
1592,0.6,0.1875,0.2857142857142857,0.9369693326109447
1593,0.6,0.23076923076923078,0.33333333333333337,0.8781117379478229
1594,0.9,0.5294117647058824,0.6666666666666667,0.9642472930334256
1595,1.0,0.47619047619047616,0.6451612903225806,0.9850463729121222
1596,0.6,1.0,0.7499999999999999,0.902647263675672
1597,0.9,0.34615384615384615,0.5,0.9655471885082402
1598,0.9,0.45,0.6,0.9774201884671817
1599,0.5,0.09090909090909091,0.15384615384615385,0.9043860406990867
16,0.2857142857142857,1.0,0.4444444444444445,0.9414582559063205
160,0.5,1.0,0.6666666666666666,1.0
1600,0.8,0.21052631578947367,0.3333333333333333,0.9729161848519465
1601,0.7,0.35,0.4666666666666667,0.9687422649163075
1602,0.7,0.5833333333333334,0.6363636363636365,0.9692027789385074
1603,0.5,0.5555555555555556,0.5263157894736842,0.8982577858956541
1604,0.8,1.0,0.888888888888889,0.9892252110944457
1605,0.7,0.07446808510638298,0.13461538461538458,0.9237405224186584
1606,0.7,0.3333333333333333,0.45161290322580644,0.9033094539969732
1607,0.6,0.2608695652173913,0.36363636363636365,0.9233686583575015
1608,0.7,0.6363636363636364,0.6666666666666666,0.848517138472368
1609,0.7,0.20588235294117646,0.3181818181818182,0.9469070377875646
161,0.7,0.21212121212121213,0.3255813953488372,0.9687422649163075
1610,0.5,1.0,0.6666666666666666,0.907225109561981
1611,0.8,0.125,0.21621621621621623,0.9569497692764579
1612,0.2,1.0,0.33333333333333337,1.0
1613,0.9,0.10588235294117647,0.18947368421052632,0.9987001045251855
1614,0.5,0.8333333333333334,0.625,0.9516998652661177
1615,0.2,1.0,0.33333333333333337,0.8955290729213985
1616,0.7,0.30434782608695654,0.42424242424242425,0.851967109849859
1617,0.8,0.25806451612903225,0.3902439024390244,0.9350199200503145
1618,0.6,0.5454545454545454,0.5714285714285713,0.966331457581766
1619,0.42857142857142855,1.0,0.6,0.9165799139517483
162,0.4,0.4,0.4000000000000001,0.9626849395487059
1620,0.375,1.0,0.5454545454545454,0.9795121280268355
1621,0.4,1.0,0.5714285714285715,0.9228165722431001
1622,0.5,1.0,0.6666666666666666,0.9670167416103265
1623,0.9,0.8181818181818182,0.8571428571428572,0.9309445885171069
1624,1.0,0.2857142857142857,0.4444444444444445,0.9820012349491912
1625,0.3333333333333333,1.0,0.5,0.9327343919501726
1626,0.8,0.25806451612903225,0.3902439024390244,0.9611303100140147
1627,0.5,1.0,0.6666666666666666,0.9351626653706985
1628,0.8,0.14035087719298245,0.23880597014925373,0.9569497692764579
1629,0.7,0.875,0.7777777777777777,0.8679300799878062
163,0.6,0.15384615384615385,0.2448979591836735,0.9593051087142223
1630,0.4,0.4,0.4000000000000001,0.9357320714387337
1631,0.9,0.23684210526315788,0.375,0.9424816048315576
1632,0.8,0.08791208791208792,0.15841584158415845,0.899017929998039
1633,1.0,1.0,1.0,1.0
1634,0.5,0.5555555555555556,0.5263157894736842,0.9353378236712675
1635,1.0,0.09615384615384616,0.17543859649122806,0.9615572121244959
1636,0.8,0.42105263157894735,0.5517241379310345,0.9611362928971737
1637,0.8,0.6153846153846154,0.6956521739130435,0.9543504308639281
1638,0.375,1.0,0.5454545454545454,0.9432407391596221
1639,0.8,0.11267605633802817,0.19753086419753088,0.9904198418056278
164,0.6666666666666666,1.0,0.8,0.9829615364898217
1640,0.3,0.25,0.2727272727272727,0.7802228083810974
1641,0.8,0.34782608695652173,0.48484848484848486,0.9586668547154387
1642,0.3,0.75,0.4285714285714285,0.9433451132486834
1643,0.7,0.30434782608695654,0.42424242424242425,0.9788271305129042
1644,0.7,1.0,0.8235294117647058,0.9862204319084545
1645,0.9,0.125,0.21951219512195125,0.9574545325992917
1646,0.5,0.8333333333333334,0.625,0.9466107662246848
1647,0.9,0.12857142857142856,0.225,1.0
1648,0.6,0.35294117647058826,0.4444444444444445,0.9427089620948754
1649,0.6,1.0,0.7499999999999999,0.9646777740304642
165,0.6,0.6666666666666666,0.631578947368421,0.9421453490221288
1650,0.8,0.32,0.45714285714285713,0.9657144373606007
1651,0.5714285714285714,1.0,0.7272727272727273,0.9694706789270567
1652,0.5,1.0,0.6666666666666666,0.9197896663607108
1653,0.6,1.0,0.7499999999999999,0.9883697441494087
1654,0.6,1.0,0.7499999999999999,0.9652320325164023
1655,0.5,0.35714285714285715,0.41666666666666663,0.9855701107429646
1656,0.4,1.0,0.5714285714285715,0.8360426666309043
1657,0.4444444444444444,1.0,0.6153846153846153,0.97964401835456
1658,0.9,0.16981132075471697,0.2857142857142857,0.98733638355351
1659,0.8,1.0,0.888888888888889,0.9150296867654178
166,0.8,0.18604651162790697,0.3018867924528302,0.9340555896941443
1660,0.5,1.0,0.6666666666666666,0.95850761954505
1661,0.5,1.0,0.6666666666666666,0.9496081452071682
1662,0.75,1.0,0.8571428571428571,0.9563474125520123
1663,0.4,1.0,0.5714285714285715,0.9511983710138439
1664,0.75,1.0,0.8571428571428571,0.9271535305567702
1665,0.6,0.8571428571428571,0.7058823529411764,0.951052587276109
1666,0.5,0.16129032258064516,0.24390243902439024,0.9529428380435211
1667,1.0,0.18867924528301888,0.3174603174603175,0.9639846796893623
1668,0.6666666666666666,1.0,0.8,0.8431665216774245
1669,0.5,1.0,0.6666666666666666,0.9798881187215076
167,0.5,0.8333333333333334,0.625,0.9716594563561224
1670,0.9,0.9,0.9,0.9918115394479871
1671,0.6,0.06976744186046512,0.125,0.9789897775369817
1672,0.5,1.0,0.6666666666666666,0.954686159071123
1673,0.6,0.6,0.6,0.9775543050545107
1674,0.4,1.0,0.5714285714285715,0.9575188056082674
1675,0.9,0.1836734693877551,0.30508474576271183,0.9855701107429646
1676,0.9,0.09782608695652174,0.17647058823529413,0.9723705493124036
1677,0.6666666666666666,1.0,0.8,0.9233049679986374
1678,0.7,0.5384615384615384,0.608695652173913,0.9196420593208217
1679,0.9,0.6428571428571429,0.75,0.9680555702849517
168,0.6666666666666666,1.0,0.8,0.9829615364898217
1680,0.7,0.03225806451612903,0.06167400881057269,0.9687270163102419
1681,0.3,0.2727272727272727,0.28571428571428564,0.9639846796893623
1682,0.6666666666666666,1.0,0.8,0.9829615364898217
1683,0.8,0.4444444444444444,0.5714285714285714,0.8832822503982154
1684,0.8,0.8,0.8000000000000002,0.9620669832973471
1685,0.9,0.1875,0.31034482758620696,0.9432908964100198
1686,0.6666666666666666,1.0,0.8,0.9527404777669821
1687,0.7,0.13725490196078433,0.2295081967213115,0.9166986632787874
1688,0.7,0.3684210526315789,0.48275862068965514,0.9396996853832479
1689,0.2,0.2,0.20000000000000004,0.9399774484122345
169,0.8,0.11764705882352941,0.20512820512820512,0.8924498269679487
1690,0.8,0.42105263157894735,0.5517241379310345,0.9520003397253556
1691,0.7,1.0,0.8235294117647058,0.9370472679573147
1692,0.6,0.25,0.35294117647058826,0.9752982650390741
1693,0.9,0.20930232558139536,0.339622641509434,0.9729375088020854
1694,0.7,0.1346153846153846,0.22580645161290322,0.901722936060978
1695,0.8,0.3076923076923077,0.4444444444444444,0.9899597142558539
1696,0.9,0.23076923076923078,0.3673469387755102,0.978567340715506
1697,0.7,0.2413793103448276,0.358974358974359,0.9700359479842476
1698,1.0,0.07462686567164178,0.13888888888888887,0.9999999999999997
1699,0.5,0.16129032258064516,0.24390243902439024,0.9732457461129788
17,0.6,0.3,0.4,0.9752982650390741
170,1.0,0.7692307692307693,0.8695652173913044,0.9800239653228319
1700,0.3333333333333333,1.0,0.5,0.7963500685997915
1701,1.0,0.1388888888888889,0.24390243902439027,0.9544173319713032
1702,0.6,0.5,0.5454545454545454,0.9642472930334256
1703,0.5,1.0,0.6666666666666666,0.9099696425240504
1704,0.625,1.0,0.7692307692307693,0.9532291565355798
1705,0.8,0.7272727272727273,0.761904761904762,0.9732457461129788
1706,0.9,0.3,0.45000000000000007,0.9729375088020854
1707,0.6,0.6666666666666666,0.631578947368421,0.9775543050545107
1708,0.6,1.0,0.7499999999999999,0.9783446823995325
1709,0.7,0.2916666666666667,0.4117647058823529,0.9334176756317973
171,0.4,1.0,0.5714285714285715,0.993980212227012
1710,0.7,0.875,0.7777777777777777,0.9545263219322392
1711,0.3333333333333333,1.0,0.5,0.8854375614339552
1712,0.9,0.16071428571428573,0.27272727272727276,0.9834092549099822
1713,0.6,1.0,0.7499999999999999,0.9408246633447832
1714,0.7,0.3181818181818182,0.4375,0.9403805588296502
1715,0.7,1.0,0.8235294117647058,0.9607753584068494
1716,0.7,0.3181818181818182,0.4375,0.9235036961541088
1717,0.9,0.16071428571428573,0.27272727272727276,0.977898055988703
1718,0.5714285714285714,1.0,0.7272727272727273,0.9473782013585036
1719,0.6666666666666666,1.0,0.8,0.8348722235732903
172,0.8,1.0,0.888888888888889,0.9892252110944457
1720,0.3,1.0,0.4615384615384615,0.9578736003717896
1721,0.5,0.5555555555555556,0.5263157894736842,0.9219286401600026
1722,0.7,0.2692307692307692,0.3888888888888889,0.9900119826614159
1723,0.6,0.46153846153846156,0.5217391304347826,0.96605370925798
1724,0.7,0.5384615384615384,0.608695652173913,0.9692027789385074
1725,0.375,1.0,0.5454545454545454,0.956938159520676
1726,1.0,0.2777777777777778,0.4347826086956522,0.945875017604171
1727,0.5,0.18518518518518517,0.2702702702702703,0.9743714747496639
1728,0.3,1.0,0.4615384615384615,0.9263167092671629
1729,0.4,1.0,0.5714285714285715,0.9130284904777083
173,0.9,0.11538461538461539,0.20454545454545456,0.95329412838341
1730,0.8,1.0,0.888888888888889,0.9613552676779333
1731,0.5,0.8333333333333334,0.625,0.9011469916647841
1732,0.5714285714285714,1.0,0.7272727272727273,0.9835450330788845
1733,1.0,0.11627906976744186,0.20833333333333334,0.966331457581766
1734,0.3,0.75,0.4285714285714285,0.9639846796893623
1735,0.5,0.7142857142857143,0.588235294117647,0.9770909051289779
1736,0.3,0.1875,0.23076923076923075,0.9536026331797691
1737,1.0,0.136986301369863,0.24096385542168672,0.9700927458242443
1738,0.3,0.75,0.4285714285714285,0.9611499012727941
1739,0.8,0.8888888888888888,0.8421052631578948,0.9769202292454552
174,0.5,0.45454545454545453,0.47619047619047616,0.9388774305952335
1740,0.7,1.0,0.8235294117647058,0.9676343171442459
1741,0.6,0.10344827586206896,0.17647058823529413,0.9775543050545107
1742,0.5,1.0,0.6666666666666666,0.9181841848949213
1743,0.9,0.6923076923076923,0.7826086956521738,0.9775923785719159
1744,0.5,0.4166666666666667,0.45454545454545453,0.9747347961182418
1745,0.7,0.7,0.7,0.9617844936390109
1746,0.9,0.1836734693877551,0.30508474576271183,0.9918115394479871
1747,0.6,0.6,0.6,0.906644421584363
1748,0.8,0.1568627450980392,0.2622950819672131,0.9578736003717896
1749,1.0,0.12987012987012986,0.22988505747126434,0.9673479050495373
175,0.7,0.17073170731707318,0.2745098039215686,0.9445585905322252
1750,0.5,0.5555555555555556,0.5263157894736842,0.7794797131779808
1751,0.6,1.0,0.7499999999999999,0.9783446823995325
1752,1.0,0.17543859649122806,0.29850746268656714,0.9743714747496639
1753,0.8,0.21621621621621623,0.3404255319148936,0.9510301791400355
1754,0.5,1.0,0.6666666666666666,0.848989695196037
1755,0.9,0.17307692307692307,0.2903225806451613,0.971140221485929
1756,0.5,1.0,0.6666666666666666,0.8570231185831748
1757,1.0,0.17857142857142858,0.30303030303030304,0.9910006174745954
1758,0.9,0.32142857142857145,0.4736842105263158,0.9918115394479871
1759,0.7,0.21875,0.3333333333333333,0.947043854453669
176,0.5,0.5555555555555556,0.5263157894736842,0.9056724026498254
1760,0.6,0.6,0.6,0.8899030473406824
1761,0.7,0.875,0.7777777777777777,0.8743823509090277
1762,0.7,0.7,0.7,0.9614546135786453
1763,0.6666666666666666,1.0,0.8,0.9568964269401784
1764,0.6,0.1935483870967742,0.2926829268292683,0.9775543050545107
1765,0.5,0.625,0.5555555555555556,0.9476723049203274
1766,0.5,1.0,0.6666666666666666,0.9652091781948163
1767,0.9,0.24324324324324326,0.3829787234042553,0.9897313383008353
1768,0.8,0.47058823529411764,0.5925925925925927,0.9646777740304642
1769,0.9,0.9,0.9,0.981545385938403
177,0.7777777777777778,1.0,0.8750000000000001,0.941974646525998
1770,0.4,0.6666666666666666,0.5,0.9427809543113453
1771,0.6,1.0,0.7499999999999999,0.9749774768100044
1772,0.42857142857142855,1.0,0.6,0.9728470489353992
1773,0.9,0.8181818181818182,0.8571428571428572,0.9621420505295314
1774,0.5,1.0,0.6666666666666666,0.7959388404837396
1775,0.6,0.3157894736842105,0.41379310344827586,0.9124253078514762
1776,0.7,0.175,0.27999999999999997,0.9449178973442085
1777,0.8,1.0,0.888888888888889,0.9578736003717896
1778,1.0,0.16393442622950818,0.28169014084507044,0.9700927458242443
1779,0.7,0.5384615384615384,0.608695652173913,0.9487439851924682
178,0.8,0.5,0.6153846153846154,0.9485716560409011
1780,1.0,0.11235955056179775,0.20202020202020202,0.9110322459192896
1781,0.7,0.5384615384615384,0.608695652173913,0.9786381023383931
1782,0.5,1.0,0.6666666666666666,0.9594457038364539
1783,0.8,1.0,0.888888888888889,0.977772496389062
1784,0.6,1.0,0.7499999999999999,0.8861871869645032
1785,0.6,1.0,0.7499999999999999,0.9429261725247241
1786,0.8,1.0,0.888888888888889,0.9552398675935881
1787,0.5,1.0,0.6666666666666666,0.9666893446368547
1788,0.7142857142857143,1.0,0.8333333333333333,0.9448447971390608
1789,0.3,0.75,0.4285714285714285,0.9368353168656508
179,0.9,0.6,0.7200000000000001,0.9671041994232298
1790,0.9,0.18,0.3,0.9773721862672702
1791,0.5,0.4166666666666667,0.45454545454545453,0.9421376930954983
1792,0.375,1.0,0.5454545454545454,0.9552058757573265
1793,0.8,0.23529411764705882,0.3636363636363636,0.9789368001858949
1794,0.7,0.19444444444444445,0.30434782608695654,0.9173048297525498
1795,0.6,1.0,0.7499999999999999,0.9355257008675039
1796,0.3,0.25,0.2727272727272727,0.9533631837680602
1797,0.5,0.2777777777777778,0.35714285714285715,0.9561012407641718
1798,0.7,0.7777777777777778,0.7368421052631577,0.9294236054744283
1799,0.6,0.5454545454545454,0.5714285714285713,0.8627782564354003
18,1.0,0.2702702702702703,0.4255319148936171,0.966331457581766
180,0.5,0.8333333333333334,0.625,0.9596709974730562
1800,1.0,0.38461538461538464,0.5555555555555556,0.9999999999999997
1801,0.8,1.0,0.888888888888889,0.9505804787723792
1802,0.7,0.4375,0.5384615384615384,0.9991087461569514
1803,0.8,0.2962962962962963,0.43243243243243246,0.9777062639491327
1804,0.8,0.6153846153846154,0.6956521739130435,0.943856739573407
1805,1.0,0.38461538461538464,0.5555555555555556,0.9850463729121222
1806,0.7,0.25925925925925924,0.37837837837837834,0.9800239653228319
1807,0.8,0.32,0.45714285714285713,0.9622490815664163
1808,0.5714285714285714,1.0,0.7272727272727273,0.7889821327864155
1809,0.4,0.6666666666666666,0.5,0.945578579402163
181,0.9,0.2571428571428571,0.39999999999999997,0.945875017604171
1810,0.875,1.0,0.9333333333333333,0.9651508239144794
1811,0.8333333333333334,1.0,0.9090909090909091,0.908411455058034
1812,0.9,0.10227272727272728,0.18367346938775514,0.883695222633909
1813,0.4,1.0,0.5714285714285715,0.9671257159268494
1814,0.5,1.0,0.6666666666666666,0.9538740464818072
1815,0.625,1.0,0.7692307692307693,0.9466301590136993
1816,0.7,1.0,0.8235294117647058,0.9589171891171091
1817,0.7,0.5384615384615384,0.608695652173913,0.9298950858922618
1818,0.7777777777777778,1.0,0.8750000000000001,0.9484420893739564
1819,0.7,0.4375,0.5384615384615384,0.9615087895635765
182,0.8,0.6153846153846154,0.6956521739130435,0.9630877223876576
1820,0.5,0.21739130434782608,0.30303030303030304,0.9588956692051315
1821,0.6666666666666666,1.0,0.8,0.9304096971889328
1822,0.7,0.6363636363636364,0.6666666666666666,0.9182946506366516
1823,0.6666666666666666,1.0,0.8,0.918889502172085
1824,0.8,0.5714285714285714,0.6666666666666666,0.9649199393875122
1825,0.7,0.4375,0.5384615384615384,0.949466763474593
1826,0.6,1.0,0.7499999999999999,0.9100742623768721
1827,0.4,1.0,0.5714285714285715,0.9608136698028407
1828,0.8,0.5714285714285714,0.6666666666666666,0.9578736003717896
1829,0.3333333333333333,1.0,0.5,0.8786305088566496
183,0.8,0.5333333333333333,0.64,0.9886865276608584
1830,0.5,1.0,0.6666666666666666,0.9344681539969718
1831,0.7,0.5,0.5833333333333334,0.9076058954104397
1832,0.6666666666666666,1.0,0.8,0.9717746653769396
1833,0.6,0.5454545454545454,0.5714285714285713,0.9356322812689142
1834,0.3,1.0,0.4615384615384615,0.9368104005576843
1835,0.8,0.12121212121212122,0.2105263157894737,0.9820012349491912
1836,0.5,0.13513513513513514,0.21276595744680854,0.945875017604171
1837,0.9,0.0989010989010989,0.1782178217821782,0.9401045905696985
1838,0.5,1.0,0.6666666666666666,0.957764742333782
1839,0.7,0.6363636363636364,0.6666666666666666,0.8939274106298842
184,0.7,0.7777777777777778,0.7368421052631577,0.9901749242008014
1840,1.0,1.0,1.0,1.0
1841,0.9,0.42857142857142855,0.5806451612903225,0.9830023838673945
1842,1.0,0.2777777777777778,0.4347826086956522,0.9999999999999997
1843,0.7,0.5384615384615384,0.608695652173913,0.9629838264427366
1844,0.25,1.0,0.4,0.982478038767759
1845,0.6,0.4,0.48,0.9455207946460652
1846,0.5,1.0,0.6666666666666666,0.9621021941773628
1847,0.5555555555555556,1.0,0.7142857142857143,0.9576818626900013
1848,0.8,1.0,0.888888888888889,0.9119357464503124
1849,0.4,1.0,0.5714285714285715,0.9156216721454458
185,0.7,1.0,0.8235294117647058,0.9235689872780217
1850,0.6,0.6666666666666666,0.631578947368421,0.9338098213571505
1851,1.0,0.18867924528301888,0.3174603174603175,0.9658554213764893
1852,0.7,1.0,0.8235294117647058,0.9615077793323511
1853,0.4,0.3076923076923077,0.34782608695652173,0.9459115371309813
1854,0.7,0.30434782608695654,0.42424242424242425,0.9930648919710825
1855,0.6,0.6666666666666666,0.631578947368421,0.9453999525252056
1856,0.8,0.4444444444444444,0.5714285714285714,0.9723705493124036
1857,0.5555555555555556,1.0,0.7142857142857143,0.9736374623709244
1858,0.7,0.5,0.5833333333333334,0.9191631672307601
1859,0.8,1.0,0.888888888888889,0.9653129408373391
186,0.6,0.5,0.5454545454545454,0.9985948603245625
1860,0.8,0.27586206896551724,0.4102564102564103,0.9845584213105507
1861,0.7,0.21212121212121213,0.3255813953488372,0.9542407963750834
1862,0.42857142857142855,1.0,0.6,0.9538855139785273
1863,0.7,0.5833333333333334,0.6363636363636365,0.980349848401603
1864,0.8,1.0,0.888888888888889,0.9439949174131181
1865,0.7,0.19444444444444445,0.30434782608695654,0.95618417983867
1866,0.5,0.45454545454545453,0.47619047619047616,0.9120611579504802
1867,0.5,0.8333333333333334,0.625,0.9672569015838535
1868,0.8,0.8888888888888888,0.8421052631578948,0.9676392824390293
1869,0.6,1.0,0.7499999999999999,0.9384904941878677
187,0.5,0.20833333333333334,0.29411764705882354,0.987185737374832
1870,0.7,0.3684210526315789,0.48275862068965514,0.9104617651808294
1871,0.8,0.5,0.6153846153846154,0.956039508767078
1872,0.7142857142857143,1.0,0.8333333333333333,0.9646640497804527
1873,0.7,0.28,0.4,0.9949938836806979
1874,0.8,0.8888888888888888,0.8421052631578948,0.9886752707345026
1875,1.0,0.2222222222222222,0.3636363636363636,0.9743714747496639
1876,0.42857142857142855,1.0,0.6,0.9261689490032398
1877,0.6,0.4,0.48,0.9475526076577324
1878,0.9,0.75,0.8181818181818182,0.9899037303058518
1879,0.9,0.225,0.36000000000000004,0.980349848401603
188,0.4,0.8,0.5333333333333333,0.902039151372522
1880,0.9,0.10344827586206896,0.18556701030927833,0.9548403769343636
1881,0.6,1.0,0.7499999999999999,0.987649132519537
1882,0.7,0.2,0.3111111111111111,0.940696953698938
1883,0.5,0.13513513513513514,0.21276595744680854,0.8938375583616162
1884,1.0,0.09174311926605505,0.16806722689075632,0.9743714747496639
1885,0.7,0.875,0.7777777777777777,0.9345824376867312
1886,0.6,0.75,0.6666666666666665,0.9149212685146775
1887,0.7,0.5833333333333334,0.6363636363636365,0.9396565482982586
1888,0.7142857142857143,1.0,0.8333333333333333,0.9559137702421018
1889,0.6,0.1111111111111111,0.18750000000000003,0.9723420039223137
189,0.5714285714285714,1.0,0.7272727272727273,0.9527217909306694
1890,0.7,0.30434782608695654,0.42424242424242425,0.9747680736607058
1891,0.8,0.2857142857142857,0.4210526315789473,0.9524353188154729
1892,0.5,0.6666666666666666,0.5714285714285715,0.8802883868393059
1893,0.8333333333333334,1.0,0.9090909090909091,0.9630018558817578
1894,0.2,0.2222222222222222,0.2105263157894737,0.950447586923794
1895,0.9,0.6,0.7200000000000001,0.9656340243729868
1896,0.3,0.23076923076923078,0.2608695652173913,0.9035003497200286
1897,0.6,0.07692307692307693,0.13636363636363635,0.9326936015933845
1898,0.5,1.0,0.6666666666666666,0.9900973988001897
1899,0.9,0.08823529411764706,0.16071428571428573,0.95329412838341
19,0.9,0.3,0.45000000000000007,0.9611499012727941
190,0.4,0.2857142857142857,0.3333333333333333,0.9801143341415294
1900,0.625,1.0,0.7692307692307693,0.8796372095967395
1901,0.4,0.4444444444444444,0.4210526315789474,0.9327386928943522
1902,1.0,0.29411764705882354,0.45454545454545453,0.9910006174745954
1903,0.2,0.16666666666666666,0.1818181818181818,0.9729161848519465
1904,0.9,0.391304347826087,0.5454545454545454,0.9789546892969045
1905,0.4,1.0,0.5714285714285715,0.9340555896941443
1906,0.5,1.0,0.6666666666666666,0.9492625940539258
1907,0.6,1.0,0.7499999999999999,0.9793444269386193
1908,0.5,0.38461538461538464,0.4347826086956522,0.921240398266052
1909,0.7,0.7777777777777778,0.7368421052631577,0.8965647386683202
191,0.5,1.0,0.6666666666666666,0.8673105191737177
1910,0.5,0.8333333333333334,0.625,0.8111712311987171
1911,0.42857142857142855,1.0,0.6,0.9952083442495787
1912,0.7,0.07291666666666667,0.1320754716981132,0.8593615717245429
1913,0.4444444444444444,1.0,0.6153846153846153,0.9672273866004408
1914,0.8,1.0,0.888888888888889,0.8768895840400469
1915,0.625,1.0,0.7692307692307693,0.9158701501084789
1916,0.6,0.10909090909090909,0.1846153846153846,0.8950379018495787
1917,0.8,0.6666666666666666,0.7272727272727272,0.9875958230208262
1918,0.4,1.0,0.5714285714285715,0.9668728598213018
1919,0.5,0.8333333333333334,0.625,0.9517071498755438
192,0.9,0.20454545454545456,0.33333333333333337,0.9887961892859579
1920,0.5,0.0847457627118644,0.14492753623188406,0.880976930534636
1921,0.5,0.7142857142857143,0.588235294117647,0.980875655658761
1922,0.8,0.16326530612244897,0.27118644067796605,0.9620669832973471
1923,0.7,1.0,0.8235294117647058,0.8524325546487267
1924,0.6,0.75,0.6666666666666665,0.8929526837617435
1925,0.8,0.21621621621621623,0.3404255319148936,0.9550038693477845
1926,0.9,0.09782608695652174,0.17647058823529413,0.9476723049203274
1927,0.8,1.0,0.888888888888889,0.9723243284958721
1928,0.6,0.3157894736842105,0.41379310344827586,0.9427783113875858
1929,0.6666666666666666,1.0,0.8,1.0000000000000002
193,0.7,0.23333333333333334,0.35,0.9196420593208217
1930,0.9,0.20454545454545456,0.33333333333333337,0.9356322812689142
1931,0.6,0.6666666666666666,0.631578947368421,0.869590055981017
1932,0.7,0.7,0.7,0.9542186429660925
1933,0.8333333333333334,1.0,0.9090909090909091,0.9499444964677687
1934,0.7,0.875,0.7777777777777777,0.8791623733995478
1935,0.6,0.8571428571428571,0.7058823529411764,0.9494763792084076
1936,0.8333333333333334,1.0,0.9090909090909091,0.9616453256920575
1937,0.5,0.19230769230769232,0.2777777777777778,0.9287659541084913
1938,0.4,0.2857142857142857,0.3333333333333333,0.9425511433847913
1939,0.8,0.26666666666666666,0.4,0.9592828398338616
194,0.2,1.0,0.33333333333333337,0.9772086659856518
1940,0.9,0.9,0.9,0.9918115394479871
1941,0.8,0.06896551724137931,0.12698412698412698,0.9366823046670874
1942,0.5,1.0,0.6666666666666666,0.8981912353376484
1943,0.9,0.1,0.18000000000000002,0.95329412838341
1944,0.8,0.8888888888888888,0.8421052631578948,0.9769202292454552
1945,0.7,0.7,0.7,0.948638355448337
1946,0.6,0.75,0.6666666666666665,0.9727601985864504
1947,0.9,0.36,0.5142857142857143,0.9789546892969045
1948,0.7,0.4117647058823529,0.5185185185185185,0.9131220026307951
1949,0.5,0.5555555555555556,0.5263157894736842,0.95850761954505
195,1.0,0.09345794392523364,0.17094017094017094,0.9551391187363665
1950,0.9,0.5294117647058824,0.6666666666666667,0.9834092549099822
1951,0.7,0.7777777777777778,0.7368421052631577,0.9161756012904917
1952,0.7,0.2413793103448276,0.358974358974359,0.9241868342786469
1953,0.42857142857142855,1.0,0.6,0.9927683269135817
1954,0.3,0.2727272727272727,0.28571428571428564,0.9403335700655459
1955,0.5,1.0,0.6666666666666666,0.9570028710900299
1956,0.7,1.0,0.8235294117647058,0.9423754267435306
1957,0.6666666666666666,0.8571428571428571,0.75,0.9246176514307469
1958,0.9,0.13043478260869565,0.22784810126582278,0.9975784540880349
1959,0.8,0.8888888888888888,0.8421052631578948,0.9910006174745954
196,0.5714285714285714,1.0,0.7272727272727273,0.9582053945301783
1960,0.3,0.16666666666666666,0.21428571428571427,0.9329736800323636
1961,0.5,0.5,0.5,0.9160587057284028
1962,0.9,0.13043478260869565,0.22784810126582278,0.9592638281788642
1963,0.8,0.7272727272727273,0.761904761904762,0.9223982434587406
1964,0.8,1.0,0.888888888888889,0.9398056898668248
1965,0.4,1.0,0.5714285714285715,0.9577920001305801
1966,0.5555555555555556,1.0,0.7142857142857143,0.9875245838180826
1967,0.6,1.0,0.7499999999999999,0.9653163561640493
1968,0.9,0.17647058823529413,0.2950819672131148,0.9686208095016242
1969,0.8,0.11940298507462686,0.20779220779220778,0.9399072193010396
197,0.8,1.0,0.888888888888889,0.9011609575447582
1970,0.6,1.0,0.7499999999999999,0.9607863382683004
1971,0.5714285714285714,1.0,0.7272727272727273,0.9817006391150153
1972,0.8,0.6666666666666666,0.7272727272727272,0.9820012349491912
1973,0.375,1.0,0.5454545454545454,0.8713072059492376
1974,0.9,0.1267605633802817,0.22222222222222224,0.9611499012727941
1975,0.6,1.0,0.7499999999999999,0.9151261873829382
1976,0.6,0.375,0.4615384615384615,0.8992246187024683
1977,0.4,0.5714285714285714,0.47058823529411764,0.8963262933259515
1978,0.8,0.42105263157894735,0.5517241379310345,0.9566180033157679
1979,0.8571428571428571,1.0,0.923076923076923,0.9889816412595911
198,1.0,0.19230769230769232,0.32258064516129037,0.9459770195340433
1980,1.0,0.08130081300813008,0.15037593984962405,0.9487429494993278
1981,0.3,0.5,0.37499999999999994,0.9790780838105219
1982,0.8,0.6666666666666666,0.7272727272727272,0.9828802657733609
1983,0.9,0.1956521739130435,0.3214285714285714,0.9918115394479871
1984,0.8,0.21621621621621623,0.3404255319148936,0.9729161848519465
1985,0.4,0.26666666666666666,0.32,0.8473868670247332
1986,0.6,1.0,0.7499999999999999,0.9539879780403697
1987,0.5,1.0,0.6666666666666666,0.9548013232937917
1988,1.0,0.14925373134328357,0.2597402597402597,0.9683809492124369
1989,0.5,1.0,0.6666666666666666,1.0
199,0.7,0.175,0.27999999999999997,0.9403805588296502
1990,0.2857142857142857,1.0,0.4444444444444445,0.9391616575519837
1991,0.4,1.0,0.5714285714285715,0.9671257159268494
1992,0.8,0.6153846153846154,0.6956521739130435,0.9335950572514201
1993,0.5,1.0,0.6666666666666666,0.9624156243951677
1994,0.5,1.0,0.6666666666666666,0.9326535996523021
1995,0.6,0.5454545454545454,0.5714285714285713,0.9252030244883692
1996,1.0,0.43478260869565216,0.6060606060606061,0.9820012349491912
1997,0.375,1.0,0.5454545454545454,0.9810802463865407
1998,0.9,0.17307692307692307,0.2903225806451613,0.9774201884671817
1999,0.8,0.5714285714285714,0.6666666666666666,0.9545326511439332
2,0.7,0.5833333333333334,0.6363636363636365,0.9146538306218301
20,0.6,1.0,0.7499999999999999,0.9725276240747033
200,0.6666666666666666,1.0,0.8,0.9576788352494832
2000,0.9,0.5625,0.6923076923076923,0.9937651092415973
2001,0.4,1.0,0.5714285714285715,0.9373963284521022
2002,0.9,0.34615384615384615,0.5,0.9621420505295314
2003,0.6,0.75,0.6666666666666665,0.9642472930334256
2004,0.5,0.35714285714285715,0.41666666666666663,0.905574292456107
2005,0.5,0.625,0.5555555555555556,0.8730198825318681
2006,0.3333333333333333,1.0,0.5,0.9581350628567487
2007,0.625,1.0,0.7692307692307693,0.8865331433870004
2008,0.7,0.30434782608695654,0.42424242424242425,0.9585011058370804
2009,0.7,1.0,0.8235294117647058,0.9617518480770544
201,0.9,0.75,0.8181818181818182,0.9433451132486834
2010,1.0,0.13333333333333333,0.23529411764705882,0.9012448976021588
2011,0.5,0.20833333333333334,0.29411764705882354,0.9487429494993278
2012,1.0,0.12658227848101267,0.22471910112359553,0.9314569344849923
2013,0.8,0.7272727272727273,0.761904761904762,0.9723705493124036
2014,0.3,1.0,0.4615384615384615,0.9789546892969045
2015,0.7,0.08641975308641975,0.15384615384615385,0.9576309657585161
2016,1.0,0.19230769230769232,0.32258064516129037,0.9772086659856518
2017,0.8,0.5714285714285714,0.6666666666666666,0.9227935397593018
2018,0.5,0.1724137931034483,0.25641025641025644,0.9615572121244959
2019,0.7142857142857143,1.0,0.8333333333333333,0.8476354367841199
202,1.0,0.15873015873015872,0.27397260273972607,0.9800239653228319
2020,0.7,0.13725490196078433,0.2295081967213115,0.9506597499731032
2021,0.9,0.5294117647058824,0.6666666666666667,0.9999999999999997
2022,0.9,0.375,0.5294117647058825,0.969633518759356
2023,1.0,0.25,0.4,0.9820012349491912
2024,0.3,0.125,0.17647058823529413,0.8035775444381501
2025,0.7,0.4375,0.5384615384615384,0.9095173174416522
2026,0.8,0.38095238095238093,0.5161290322580645,0.9445455922972841
2027,0.9,0.5294117647058824,0.6666666666666667,0.9730273984566121
2028,0.6666666666666666,1.0,0.8,0.9933500124603755
2029,1.0,0.4166666666666667,0.5882352941176471,0.9639846796893623
203,0.3,0.3,0.3,0.7546569540279993
2030,1.0,0.12048192771084337,0.21505376344086022,0.9800239653228319
2031,0.9,0.3333333333333333,0.48648648648648646,0.987367398059121
2032,0.8,0.8888888888888888,0.8421052631578948,0.9598984388359365
2033,0.6,0.75,0.6666666666666665,0.9026091263083907
2034,0.625,1.0,0.7692307692307693,0.9728508987230206
2035,0.9,0.391304347826087,0.5454545454545454,0.9030955579581077
2036,0.3,0.75,0.4285714285714285,0.9227935397593018
2037,0.5,1.0,0.6666666666666666,0.8723373118329916
2038,0.9,0.15254237288135594,0.2608695652173913,0.9789546892969045
2039,0.7,0.5,0.5833333333333334,0.9728242162496618
204,1.0,0.21739130434782608,0.3571428571428571,0.9800239653228319
2040,0.5,1.0,0.6666666666666666,0.9381384276710714
2041,0.9,0.13846153846153847,0.24,0.9651412108143528
2042,0.8,0.2222222222222222,0.3478260869565218,0.9512866272349567
2043,0.5,0.5,0.5,0.8155323201420495
2044,0.8,1.0,0.888888888888889,0.904565255544175
2045,0.4,1.0,0.5714285714285715,0.8855554861288883
2046,0.8,0.6666666666666666,0.7272727272727272,0.9398257009614546
2047,1.0,0.25,0.4,0.9819923398446812
2048,0.5714285714285714,1.0,0.7272727272727273,0.9646760124775493
2049,0.5714285714285714,1.0,0.7272727272727273,0.9305626975424405
205,0.6,0.3157894736842105,0.41379310344827586,0.9625299586966592
2050,0.8,0.22857142857142856,0.3555555555555555,0.9510301791400355
2051,0.9,0.34615384615384615,0.5,0.9800823463320214
2052,0.6666666666666666,1.0,0.8,0.990396652483075
2053,0.6,1.0,0.7499999999999999,0.9869158169801626
2054,0.9,0.32142857142857145,0.4736842105263158,0.95850761954505
2055,0.7,0.4666666666666667,0.56,0.9474957057653023
2056,0.8,0.3076923076923077,0.4444444444444444,0.9817629961853291
2057,0.8,0.8888888888888888,0.8421052631578948,0.9545326511439332
2058,0.3,0.3333333333333333,0.3157894736842105,0.9304039497696537
2059,0.4,0.17391304347826086,0.24242424242424243,0.9281283804269472
206,0.5,1.0,0.6666666666666666,0.9548956515788323
2060,0.3,0.17647058823529413,0.22222222222222224,0.8935356309269572
2061,0.5,1.0,0.6666666666666666,1.0
2062,0.4,0.5,0.4444444444444445,0.9828572186803003
2063,1.0,0.054945054945054944,0.10416666666666666,0.9773505414690052
2064,1.0,0.45454545454545453,0.625,0.9999999999999997
2065,0.42857142857142855,1.0,0.6,0.940020881189758
2066,0.3333333333333333,1.0,0.5,0.9625879769786472
2067,0.5,0.23809523809523808,0.3225806451612903,0.9230133487542593
2068,0.6,0.5454545454545454,0.5714285714285713,0.966331457581766
2069,0.7,0.6363636363636364,0.6666666666666666,0.8950437976980943
207,0.4,1.0,0.5714285714285715,1.0
2070,0.9,0.6,0.7200000000000001,0.9918115394479871
2071,0.8,0.3333333333333333,0.47058823529411764,0.9620669832973471
2072,0.4,0.2222222222222222,0.2857142857142857,0.9557156742953746
2073,0.9,0.10112359550561797,0.18181818181818182,0.971140221485929
2074,0.75,1.0,0.8571428571428571,0.9707629152440139
2075,0.5555555555555556,1.0,0.7142857142857143,0.884949940531526
2076,0.9,0.75,0.8181818181818182,0.9611499012727941
2077,0.8,0.11940298507462686,0.20779220779220778,0.9321414153181105
2078,0.5,0.5,0.5,0.958881885450449
2079,0.7,0.5833333333333334,0.6363636363636365,0.9353613827603078
208,0.8,0.34782608695652173,0.48484848484848486,0.9321414153181105
2080,0.7142857142857143,1.0,0.8333333333333333,0.9715354375583062
2081,0.7,1.0,0.8235294117647058,0.9624203449417628
2082,0.6,0.6,0.6,0.9646777740304642
2083,0.5,1.0,0.6666666666666666,0.9664152536012672
2084,0.7,0.2916666666666667,0.4117647058823529,0.9184726487489852
2085,0.9,0.25,0.391304347826087,0.9789546892969045
2086,0.5,1.0,0.6666666666666666,0.975559306189472
2087,0.6,1.0,0.7499999999999999,0.9256295729273344
2088,0.8,0.21052631578947367,0.3333333333333333,0.9820012349491912
2089,1.0,0.5882352941176471,0.7407407407407407,0.9683809492124369
209,0.4,1.0,0.5714285714285715,0.8090244953128266
2090,0.9,0.3103448275862069,0.4615384615384615,0.9332424156632918
2091,0.7,0.30434782608695654,0.42424242424242425,0.9368353168656508
2092,0.5,0.056179775280898875,0.10101010101010101,0.9682016885682379
2093,0.6,0.75,0.6666666666666665,0.9544226244460187
2094,0.6,0.6666666666666666,0.631578947368421,0.9522885276741674
2095,0.5,1.0,0.6666666666666666,0.9225240748734744
2096,0.7,0.5384615384615384,0.608695652173913,0.969349091682622
2097,0.8,0.4444444444444444,0.5714285714285714,0.9552398675935881
2098,0.7,0.1794871794871795,0.2857142857142857,0.95402857441048
2099,0.625,1.0,0.7692307692307693,0.9104179751346059
21,0.4,1.0,0.5714285714285715,0.9344234311491493
210,0.8,0.5714285714285714,0.6666666666666666,0.9815689041076876
2100,0.7,0.1794871794871795,0.2857142857142857,0.9196420593208217
2101,0.6,0.6,0.6,0.9915032878209642
2102,0.8,0.13114754098360656,0.22535211267605634,1.0000000000000002
2103,1.0,0.7692307692307693,0.8695652173913044,0.9639846796893623
2104,0.5,0.8333333333333334,0.625,0.8777369550248059
2105,0.8,0.21621621621621623,0.3404255319148936,0.9464914922259577
2106,0.8,0.125,0.21621621621621623,0.9083304311104489
2107,0.5,1.0,0.6666666666666666,1.0
2108,0.6,1.0,0.7499999999999999,1.0
2109,1.0,0.10101010101010101,0.1834862385321101,0.9850463729121222
211,0.7142857142857143,1.0,0.8333333333333333,0.916268536577913
2110,0.7,0.3888888888888889,0.5,0.9542407963750834
2111,0.75,1.0,0.8571428571428571,0.971511764547191
2112,0.3,1.0,0.4615384615384615,0.8827915329462286
2113,0.8,1.0,0.888888888888889,0.9611813004310195
2114,0.6,0.35294117647058826,0.4444444444444445,0.9522885276741674
2115,0.7,0.875,0.7777777777777777,0.9747680736607058
2116,0.8,0.07692307692307693,0.14035087719298248,0.9511983710138439
2117,0.4444444444444444,0.8,0.5714285714285714,0.9999999999999998
2118,0.7,0.5833333333333334,0.6363636363636365,0.969633518759356
2119,0.8,0.38095238095238093,0.5161290322580645,0.9769764663888069
212,0.8,0.4444444444444444,0.5714285714285714,0.9931728842962412
2120,0.8,0.4,0.5333333333333333,0.860059132807231
2121,0.7,0.2692307692307692,0.3888888888888889,0.9414903794767265
2122,0.8,0.38095238095238093,0.5161290322580645,0.9464914922259577
2123,0.5714285714285714,1.0,0.7272727272727273,0.9627176182582149
2124,0.9,0.13043478260869565,0.22784810126582278,0.9999999999999999
2125,0.8,0.24242424242424243,0.372093023255814,0.9607515616193336
2126,0.7,0.6363636363636364,0.6666666666666666,0.8938482190885074
2127,0.5,0.2777777777777778,0.35714285714285715,0.9510218575743057
2128,0.25,1.0,0.4,0.9573673809879384
2129,0.6,0.21428571428571427,0.3157894736842105,0.9526243910217277
213,0.4,1.0,0.5714285714285715,0.9719705792069783
2130,0.2,0.5,0.28571428571428575,0.9506224488010795
2131,0.9,0.2647058823529412,0.40909090909090906,0.9278677753909756
2132,0.5,0.7142857142857143,0.588235294117647,0.8242090641220402
2133,0.75,1.0,0.8571428571428571,0.9473555091038404
2134,0.6,1.0,0.7499999999999999,0.9362205301963548
2135,0.8333333333333334,1.0,0.9090909090909091,0.9630018558817578
2136,0.8,0.32,0.45714285714285713,0.943856739573407
2137,0.5,0.8333333333333334,0.625,0.9603049068612064
2138,0.6,0.8571428571428571,0.7058823529411764,0.9459448486744487
2139,0.7,0.875,0.7777777777777777,0.9625051772714406
214,0.6,0.2727272727272727,0.37499999999999994,0.8377948298868241
2140,0.6,0.23076923076923078,0.33333333333333337,0.944651369352395
2141,0.4,1.0,0.5714285714285715,0.9439411584139565
2142,0.4,0.6666666666666666,0.5,0.8934118500704382
2143,1.0,0.7692307692307693,0.8695652173913044,0.9683809492124369
2144,0.5,0.5555555555555556,0.5263157894736842,0.9421376930954983
2145,1.0,0.3225806451612903,0.4878048780487805,0.9800239653228319
2146,0.4,0.4444444444444444,0.4210526315789474,0.9715348918110187
2147,0.8,0.5714285714285714,0.6666666666666666,0.9552398675935881
2148,0.5,0.25,0.3333333333333333,0.8984011382503588
2149,0.7,1.0,0.8235294117647058,0.9717149541352007
215,0.7142857142857143,1.0,0.8333333333333333,0.9860048480966981
2150,0.7142857142857143,1.0,0.8333333333333333,0.9477470193600184
2151,0.625,1.0,0.7692307692307693,0.8308980507061
2152,0.4,1.0,0.5714285714285715,0.9228165722431001
2153,1.0,0.20408163265306123,0.3389830508474576,0.9775543050545107
2154,0.5555555555555556,1.0,0.7142857142857143,0.9615899116927258
2155,0.7,0.7777777777777778,0.7368421052631577,0.9700359479842476
2156,0.9,0.28125,0.4285714285714286,0.9561199581209494
2157,0.8,0.5714285714285714,0.6666666666666666,0.9238653225034871
2158,0.5,0.3125,0.38461538461538464,0.9256807287919571
2159,0.42857142857142855,1.0,0.6,0.9619947515312853
216,0.6,0.08823529411764706,0.15384615384615385,0.9727061463212101
2160,0.75,1.0,0.8571428571428571,0.9874140468281384
2161,0.6,0.5,0.5454545454545454,0.9363490469700313
2162,0.8,0.3333333333333333,0.47058823529411764,0.9440492692413881
2163,0.7,0.5384615384615384,0.608695652173913,0.9800239653228319
2164,0.9,0.17307692307692307,0.2903225806451613,0.95329412838341
2165,0.8,0.47058823529411764,0.5925925925925927,0.9911554430582546
2166,0.9,0.36,0.5142857142857143,0.987649132519537
2167,0.7,0.4117647058823529,0.5185185185185185,0.9322073354964306
2168,0.8,0.1568627450980392,0.2622950819672131,0.9630161970932718
2169,0.875,1.0,0.9333333333333333,0.9585089823336802
217,0.5,1.0,0.6666666666666666,1.0
2170,0.3,0.2727272727272727,0.28571428571428564,0.9245105721830469
2171,0.7,0.5384615384615384,0.608695652173913,0.9589171891171091
2172,0.7,0.21212121212121213,0.3255813953488372,0.8778783227870885
2173,0.5,0.14705882352941177,0.22727272727272727,0.8879850434272741
2174,0.6,0.3157894736842105,0.41379310344827586,0.9715323816178844
2175,0.4,0.23529411764705882,0.29629629629629634,0.95329412838341
2176,0.7,0.4666666666666667,0.56,0.9480299094514115
2177,0.5,0.2631578947368421,0.3448275862068966,0.8545892733838515
2178,0.8,0.4444444444444444,0.5714285714285714,0.9910006174745954
2179,0.5,0.5,0.5,0.9510218575743057
218,0.6,0.75,0.6666666666666665,0.9721759213880253
2180,1.0,0.24390243902439024,0.39215686274509803,0.9464914922259577
2181,0.8,0.08888888888888889,0.15999999999999998,0.9511983710138439
2182,0.6,1.0,0.7499999999999999,0.8881816559561834
2183,0.5714285714285714,1.0,0.7272727272727273,0.9582053945301783
2184,0.3333333333333333,1.0,0.5,0.9942753710040447
2185,0.8,0.27586206896551724,0.4102564102564103,0.9910006174745954
2186,0.9,0.3333333333333333,0.48648648648648646,0.9775923785719159
2187,0.8,0.4444444444444444,0.5714285714285714,0.8995130321045988
2188,0.6,0.2,0.3,0.9044504205031902
2189,0.42857142857142855,1.0,0.6,0.9657880260429971
219,0.25,1.0,0.4,0.8823409453904053
2190,0.7,0.4117647058823529,0.5185185185185185,0.9578902112437672
2191,0.625,1.0,0.7692307692307693,0.9486508016700752
2192,0.8,0.5333333333333333,0.64,0.9283287127502122
2193,0.6666666666666666,1.0,0.8,0.9254537714886589
2194,0.5,0.4166666666666667,0.45454545454545453,0.9495518609021246
2195,0.9,0.25,0.391304347826087,0.978567340715506
2196,0.625,1.0,0.7692307692307693,0.8601568272209841
2197,0.4,0.8,0.5333333333333333,0.9630877223876576
2198,0.5,0.625,0.5555555555555556,0.9836739525247684
2199,0.9,0.6428571428571429,0.75,0.987367398059121
22,0.7,0.2916666666666667,0.4117647058823529,0.9542407963750834
220,0.7,0.6363636363636364,0.6666666666666666,0.967278612600205
2200,0.4,0.5714285714285714,0.47058823529411764,0.9795802226755252
2201,0.5,0.8333333333333334,0.625,0.9177913384102631
2202,0.7,0.7,0.7,0.9668824299206151
2203,1.0,0.13333333333333333,0.23529411764705882,0.9700359479842476
2204,0.5714285714285714,1.0,0.7272727272727273,0.9070881673449486
2205,0.6,0.2608695652173913,0.36363636363636365,0.9404213767689944
2206,1.0,0.43478260869565216,0.6060606060606061,0.9743714747496639
2207,0.4,1.0,0.5714285714285715,0.9671257159268494
2208,0.8,0.3333333333333333,0.47058823529411764,0.9777062639491327
2209,0.4,1.0,0.5714285714285715,0.8855554861288883
221,0.6666666666666666,1.0,0.8,0.8989395395532115
2210,0.3333333333333333,1.0,0.5,0.9242214815870826
2211,0.9,0.20454545454545456,0.33333333333333337,0.9747347961182418
2212,0.5,0.4166666666666667,0.45454545454545453,0.8535878695194757
2213,0.5,1.0,0.6666666666666666,0.9190004915616684
2214,0.5,0.5555555555555556,0.5263157894736842,0.9837040231634792
2215,0.6,0.42857142857142855,0.5,0.9905834352502682
2216,0.4,1.0,0.5714285714285715,0.9289248171035793
2217,0.375,1.0,0.5454545454545454,0.9462852718861223
2218,0.7142857142857143,1.0,0.8333333333333333,0.9646640497804527
2219,0.8,0.36363636363636365,0.5000000000000001,0.9856499230921526
222,0.4,1.0,0.5714285714285715,0.9361111405699033
2220,0.6666666666666666,1.0,0.8,0.9651360919320446
2221,0.7,0.3181818181818182,0.4375,0.9872360858191486
2222,1.0,0.35714285714285715,0.5263157894736842,0.9700359479842476
2223,0.7,0.19444444444444445,0.30434782608695654,0.948783132064734
2224,0.5,1.0,0.6666666666666666,0.9973412433183698
2225,0.7,0.2,0.3111111111111111,0.897656214489225
2226,0.7,1.0,0.8235294117647058,0.9658554213764893
2227,0.9,1.0,0.9473684210526316,0.9937651092415973
2228,0.6,0.75,0.6666666666666665,1.0
2229,0.375,1.0,0.5454545454545454,0.95122171697719
223,0.8,0.3333333333333333,0.47058823529411764,0.9527665769200766
2230,0.5,0.3125,0.38461538461538464,0.8876180305923543
2231,0.5,0.1388888888888889,0.2173913043478261,0.850089831041971
2232,0.7,0.2413793103448276,0.358974358974359,0.9900119826614159
2233,0.5,0.29411764705882354,0.37037037037037035,0.9225240748734744
2234,0.6,1.0,0.7499999999999999,0.9725276240747033
2235,0.8,0.38095238095238093,0.5161290322580645,0.9235386336530262
2236,0.7,0.7,0.7,0.9712218319553092
2237,0.9,0.16071428571428573,0.27272727272727276,0.9704771161969166
2238,0.8,0.6666666666666666,0.7272727272727272,0.9070072483480227
2239,0.8,0.5,0.6153846153846154,0.981703797036192
224,0.5,0.35714285714285715,0.41666666666666663,0.7886096417715859
2240,0.6,0.6,0.6,0.9147037027382516
2241,0.5,0.5,0.5,0.9476723049203274
2242,0.9,0.2,0.32727272727272727,0.950872582471445
2243,0.6,0.75,0.6666666666666665,0.9775543050545107
2244,1.0,0.18518518518518517,0.3125,0.9999999999999997
2245,0.3,1.0,0.4615384615384615,0.829694593436688
2246,0.6,0.3,0.4,0.9268436690731913
2247,0.8,0.20512820512820512,0.326530612244898,0.9340555896941443
2248,0.9,0.5625,0.6923076923076923,0.9729375088020854
2249,0.6,0.6666666666666666,0.631578947368421,0.9353280128670475
225,0.9,0.16666666666666666,0.28125,0.9460547969132242
2250,0.9,1.0,0.9473684210526316,0.9483024562987111
2251,1.0,0.20408163265306123,0.3389830508474576,0.9775543050545107
2252,0.4,1.0,0.5714285714285715,0.8390046747212861
2253,0.5714285714285714,1.0,0.7272727272727273,0.9089763489113687
2254,0.5,0.8333333333333334,0.625,0.95850761954505
2255,0.9,0.3333333333333333,0.48648648648648646,0.9803954662745283
2256,0.5,0.8333333333333334,0.625,0.957287929429448
2257,0.5714285714285714,1.0,0.7272727272727273,0.8861335241770717
2258,0.6,0.16216216216216217,0.25531914893617025,0.9321579407715203
2259,0.6,0.3157894736842105,0.41379310344827586,0.9775543050545107
226,0.4,1.0,0.5714285714285715,0.993980212227012
2260,0.6,1.0,0.7499999999999999,0.9725276240747033
2261,0.9,0.4090909090909091,0.5625000000000001,0.987367398059121
2262,0.7,0.4666666666666667,0.56,0.9250232717004749
2263,0.9,0.2571428571428571,0.39999999999999997,0.9401045905696985
2264,1.0,0.2564102564102564,0.4081632653061224,0.9639846796893623
2265,0.6,0.25,0.35294117647058826,0.9410740212957325
2266,0.4,0.4444444444444444,0.4210526315789474,0.9157032617755517
2267,0.5,0.8333333333333334,0.625,0.9287872756293791
2268,0.4,1.0,0.5714285714285715,0.9719705792069783
2269,0.6,1.0,0.7499999999999999,0.8313625878769173
227,0.3333333333333333,1.0,0.5,0.8859909085460483
2270,0.8,0.5,0.6153846153846154,0.9624599385657504
2271,0.5,0.29411764705882354,0.37037037037037035,0.9615572121244959
2272,0.8,0.5333333333333333,0.64,0.9817581232348055
2273,0.7,0.7777777777777778,0.7368421052631577,0.9625299586966592
2274,0.375,1.0,0.5454545454545454,0.963105389443593
2275,0.5,1.0,0.6666666666666666,0.8986658482930656
2276,0.7,0.6363636363636364,0.6666666666666666,0.9800239653228319
2277,0.6666666666666666,1.0,0.8,0.9889425790155763
2278,0.7,0.875,0.7777777777777777,0.977495774551467
2279,0.9,0.17307692307692307,0.2903225806451613,0.9361111405699033
228,0.5714285714285714,1.0,0.7272727272727273,0.9835450330788845
2280,0.3,0.6,0.4,0.9639846796893623
2281,0.9,0.9,0.9,0.9889490279943516
2282,0.4,0.2857142857142857,0.3333333333333333,0.9485716560409011
2283,0.7777777777777778,1.0,0.8750000000000001,0.9718014098560565
2284,0.7,0.875,0.7777777777777777,0.9302868924733717
2285,0.4,0.8,0.5333333333333333,0.906893259598943
2286,0.6666666666666666,1.0,0.8,0.9568767746833449
2287,0.6,1.0,0.7499999999999999,0.9522146285703897
2288,0.9,0.140625,0.24324324324324326,0.9179648040392828
2289,0.625,1.0,0.7692307692307693,0.9247485673445751
229,0.6,0.3157894736842105,0.41379310344827586,0.9514716170173856
2290,0.6,0.46153846153846156,0.5217391304347826,0.9097182057661003
2291,0.6666666666666666,1.0,0.8,0.9433032142465795
2292,0.75,1.0,0.8571428571428571,0.9563474125520123
2293,1.0,0.3333333333333333,0.5,0.9999999999999997
2294,0.3,0.6,0.4,0.9611499012727941
2295,0.2,1.0,0.33333333333333337,1.0
2296,0.5,1.0,0.6666666666666666,0.9598693745583778
2297,0.5555555555555556,1.0,0.7142857142857143,0.9479727300070581
2298,0.7,0.7,0.7,0.9536718381912761
2299,0.5,0.8333333333333334,0.625,0.9829727582633845
23,0.6,0.23076923076923078,0.33333333333333337,0.9559845774949007
230,0.6,0.4,0.48,0.9887771525272553
2300,0.5,1.0,0.6666666666666666,0.9516998652661177
2301,0.7,1.0,0.8235294117647058,0.9687270163102419
2302,0.5,0.25,0.3333333333333333,0.9679134397253454
2303,0.6,0.3157894736842105,0.41379310344827586,0.9775543050545107
2304,1.0,0.08620689655172414,0.15873015873015872,0.966331457581766
2305,0.3,0.42857142857142855,0.3529411764705882,0.9131501261535119
2306,0.8,0.8888888888888888,0.8421052631578948,0.9586163441949594
2307,0.9,0.5294117647058824,0.6666666666666667,0.9999999999999997
2308,0.5,0.8333333333333334,0.625,0.9743714747496639
2309,0.7,0.4375,0.5384615384615384,0.9079369014096387
231,0.8,0.6666666666666666,0.7272727272727272,0.9910006174745954
2310,0.9,0.5294117647058824,0.6666666666666667,0.9407849366892436
2311,0.4,1.0,0.5714285714285715,0.8805067833750837
2312,0.42857142857142855,1.0,0.6,0.9443894003925642
2313,0.6666666666666666,1.0,0.8,0.9631997036284768
2314,0.7142857142857143,1.0,0.8333333333333333,0.9771058673544398
2315,0.3333333333333333,1.0,0.5,0.8641918149788013
2316,0.8,0.38095238095238093,0.5161290322580645,0.9197372383389365
2317,0.7,0.875,0.7777777777777777,0.9348222044382553
2318,0.5,0.8333333333333334,0.625,0.9040289862968237
2319,1.0,1.0,1.0,0.9544173319713032
232,0.6,0.5454545454545454,0.5714285714285713,0.9562470810118536
2320,0.7,0.875,0.7777777777777777,0.9849126054721452
2321,0.6,0.42857142857142855,0.5,0.961513047664476
2322,0.7,0.7,0.7,0.8651657366960342
2323,0.8,0.2222222222222222,0.3478260869565218,0.9458323697038933
2324,0.3,0.6,0.4,0.9750834687885964
2325,0.3333333333333333,1.0,0.5,0.8338215390692547
2326,0.6,1.0,0.7499999999999999,0.9538404584909105
2327,0.8,0.8,0.8000000000000002,0.9298486661160504
2328,0.4444444444444444,1.0,0.6153846153846153,0.9409157256041725
2329,0.75,1.0,0.8571428571428571,0.9223140645474274
233,0.6,1.0,0.7499999999999999,0.9752982650390741
2330,0.7,0.5833333333333334,0.6363636363636365,0.9209787976962663
2331,0.8,0.8888888888888888,0.8421052631578948,0.951052587276109
2332,0.3,1.0,0.4615384615384615,0.9639846796893623
2333,0.4,0.5714285714285714,0.47058823529411764,0.865725952554698
2334,1.0,0.21739130434782608,0.3571428571428571,0.9683809492124369
2335,0.7,0.5833333333333334,0.6363636363636365,0.9014496877123053
2336,1.0,1.0,1.0,1.0
2337,0.6,0.8571428571428571,0.7058823529411764,0.8653775543834908
2338,0.9,0.32142857142857145,0.4736842105263158,0.945875017604171
2339,1.0,1.0,1.0,0.9999999999999999
234,0.8333333333333334,1.0,0.9090909090909091,0.9999999999999999
2340,0.8,0.17777777777777778,0.2909090909090909,0.9820012349491912
2341,0.4,0.8,0.5333333333333333,0.9410105191908761
2342,0.7,0.6363636363636364,0.6666666666666666,0.9172063401753816
2343,0.5,1.0,0.6666666666666666,0.9352298926016286
2344,0.7,0.3684210526315789,0.48275862068965514,0.8899520331954719
2345,0.4,1.0,0.5714285714285715,0.9402533916875419
2346,0.7,0.875,0.7777777777777777,0.9608130372707699
2347,0.6,1.0,0.7499999999999999,0.9522146285703897
2348,0.4,0.26666666666666666,0.32,0.9188108789754451
2349,0.6,0.6666666666666666,0.631578947368421,0.9715323816178844
235,0.8,0.12121212121212122,0.2105263157894737,0.9322945250080984
2350,0.7,0.4117647058823529,0.5185185185185185,0.9675563425799882
2351,0.8,0.6153846153846154,0.6956521739130435,0.9690220610956739
2352,0.7,0.875,0.7777777777777777,0.9493545179422324
2353,0.9,0.34615384615384615,0.5,0.9707341605094479
2354,0.4,0.6666666666666666,0.5,0.9182645133900803
2355,0.7,0.4375,0.5384615384615384,0.933767106228215
2356,0.6,1.0,0.7499999999999999,0.9450552481494068
2357,0.6666666666666666,1.0,0.8,0.7982345260879505
2358,0.5714285714285714,1.0,0.7272727272727273,0.9929473897711576
2359,0.6,0.8571428571428571,0.7058823529411764,0.9619834225282442
236,0.5,0.625,0.5555555555555556,0.9134589943910039
2360,0.375,1.0,0.5454545454545454,0.8995431720957372
2361,0.4,1.0,0.5714285714285715,0.922656168932661
2362,0.5,1.0,0.6666666666666666,0.8915698915139598
2363,0.5714285714285714,1.0,0.7272727272727273,0.9835450330788845
2364,1.0,1.0,1.0,1.0
2365,0.5,1.0,0.6666666666666666,0.9608415691338051
2366,0.6666666666666666,1.0,0.8,0.9599610617186662
2367,0.5,1.0,0.6666666666666666,0.9953197919630385
2368,0.5,0.22727272727272727,0.3125,0.9615572121244959
2369,0.6666666666666666,1.0,0.8,0.9999999999999999
237,0.5,0.29411764705882354,0.37037037037037035,0.9518320451463169
2370,0.5,0.7142857142857143,0.588235294117647,0.9615572121244959
2371,0.8,0.8,0.8000000000000002,0.9777062639491327
2372,0.4,0.6666666666666666,0.5,0.9680555702849517
2373,0.6,1.0,0.7499999999999999,0.9464086846983123
2374,0.9,0.36,0.5142857142857143,0.987649132519537
2375,0.6666666666666666,1.0,0.8,0.9071787591940703
2376,1.0,0.18181818181818182,0.3076923076923077,0.9700927458242443
2377,0.875,1.0,0.9333333333333333,0.9158996766704209
2378,0.4,0.18181818181818182,0.25000000000000006,0.9316001759834226
2379,0.6666666666666666,1.0,0.8,0.9122395146324604
238,0.8,0.22857142857142856,0.3555555555555555,0.9090653022878664
2380,0.6,0.13953488372093023,0.22641509433962265,0.9455203971729008
2381,0.25,1.0,0.4,0.9216972213309397
2382,0.6,0.75,0.6666666666666665,0.9100351062190295
2383,0.8,0.14035087719298245,0.23880597014925373,0.9484127518898294
2384,0.7142857142857143,1.0,0.8333333333333333,0.9860365776298539
2385,0.4,1.0,0.5714285714285715,0.9630578376826198
2386,0.8,0.8888888888888888,0.8421052631578948,0.9398257009614546
2387,0.6,0.75,0.6666666666666665,0.9491184555786402
2388,0.2,1.0,0.33333333333333337,0.9599115385551773
2389,0.8,0.19047619047619047,0.3076923076923077,0.9506224488010795
239,0.6,0.75,0.6666666666666665,0.9768867839147153
2390,0.0,0.0,0.0,1.0
2391,0.8,0.8888888888888888,0.8421052631578948,0.9266489559331543
2392,0.6666666666666666,1.0,0.8,0.9751804162903007
2393,1.0,0.5,0.6666666666666666,0.9850463729121222
2394,0.4,0.6666666666666666,0.5,0.9485716560409011
2395,0.7,0.22580645161290322,0.3414634146341463,0.8896392827105013
2396,0.625,1.0,0.7692307692307693,0.9707077659389028
2397,0.4,1.0,0.5714285714285715,0.950872582471445
2398,0.7,0.5833333333333334,0.6363636363636365,0.9700359479842476
2399,0.6,1.0,0.7499999999999999,0.9725276240747033
24,0.2,0.4,0.26666666666666666,0.9544173319713032
240,0.6,0.375,0.4615384615384615,0.9548591028830502
2400,0.8,1.0,0.888888888888889,0.9017669335456562
2401,0.5,1.0,0.6666666666666666,0.932303127446992
2402,0.9,0.2,0.32727272727272727,0.9789546892969045
2403,0.5,0.29411764705882354,0.37037037037037035,0.912961902702855
2404,0.8,0.6153846153846154,0.6956521739130435,0.9849472654341338
2405,0.6,0.8571428571428571,0.7058823529411764,0.9392758111359062
2406,0.8,0.5714285714285714,0.6666666666666666,0.982459969693756
2407,0.2,0.2222222222222222,0.2105263157894737,0.9132047750793117
2408,0.5,0.625,0.5555555555555556,0.9583300551863576
2409,0.9,0.4090909090909091,0.5625000000000001,0.9656340243729868
241,0.6,0.8571428571428571,0.7058823529411764,0.9531963210277772
2410,0.7,0.5,0.5833333333333334,0.9084815927501669
2411,0.8,0.20512820512820512,0.326530612244898,0.9588956692051315
2412,0.3333333333333333,1.0,0.5,0.9589535149018609
2413,0.5,1.0,0.6666666666666666,0.9732345817520376
2414,0.7,0.28,0.4,0.978567340715506
2415,0.625,1.0,0.7692307692307693,0.9292194117476984
2416,0.8,1.0,0.888888888888889,0.9817574377279799
2417,0.5,1.0,0.6666666666666666,0.9792134971083977
2418,0.7,1.0,0.8235294117647058,0.9542407963750834
2419,0.8,0.1509433962264151,0.25396825396825395,0.9484127518898294
242,0.6,0.25,0.35294117647058826,0.924177763338596
2420,0.7,1.0,0.8235294117647058,0.9687422649163075
2421,0.4,1.0,0.5714285714285715,0.9576302613956288
2422,0.6,1.0,0.7499999999999999,0.9783446823995325
2423,0.6,0.6,0.6,0.9727601985864504
2424,0.7,0.5833333333333334,0.6363636363636365,0.9471703165806976
2425,0.5,1.0,0.6666666666666666,0.9637363595833376
2426,0.625,1.0,0.7692307692307693,0.9831011515667022
2427,0.8,0.4444444444444444,0.5714285714285714,0.9520310457854293
2428,0.6,0.5454545454545454,0.5714285714285713,0.7607237368595464
2429,0.5,0.45454545454545453,0.47619047619047616,0.9729375088020854
243,0.7142857142857143,1.0,0.8333333333333333,0.9736701291814053
2430,0.5555555555555556,1.0,0.7142857142857143,0.8393515093581618
2431,0.6666666666666666,1.0,0.8,0.8967167057358917
2432,0.5714285714285714,1.0,0.7272727272727273,0.9506350992366539
2433,0.8571428571428571,1.0,0.923076923076923,0.98903075924831
2434,0.6,1.0,0.7499999999999999,0.830662213931312
2435,0.9,0.6,0.7200000000000001,0.9433451132486834
2436,0.9,0.17307692307692307,0.2903225806451613,0.9561012407641718
2437,0.4444444444444444,1.0,0.6153846153846153,0.9292320199355288
2438,0.9,0.375,0.5294117647058825,0.9642472930334256
2439,0.3,0.42857142857142855,0.3529411764705882,0.9047633625723974
244,0.4,1.0,0.5714285714285715,0.9314288747212014
2440,0.4,1.0,0.5714285714285715,0.896495455739348
2441,0.6666666666666666,1.0,0.8,0.9054948740405727
2442,0.6666666666666666,1.0,0.8,0.9770713494721884
2443,0.3333333333333333,1.0,0.5,0.8258117769072328
2444,0.6,0.46153846153846156,0.5217391304347826,0.851222967981098
2445,0.9,0.32142857142857145,0.4736842105263158,0.950447586923794
2446,1.0,0.1694915254237288,0.2898550724637681,0.9800239653228319
2447,0.4,0.8,0.5333333333333333,0.9522490273914108
2448,0.4,0.6666666666666666,0.5,0.9766993410018254
2449,0.6666666666666666,1.0,0.8,0.9813480333858285
245,1.0,0.11627906976744186,0.20833333333333334,0.9456484324993235
2450,0.6666666666666666,1.0,0.8,1.0
2451,0.7,0.5384615384615384,0.608695652173913,0.947043854453669
2452,0.8,1.0,0.888888888888889,0.9176802753194919
2453,0.8,0.12121212121212122,0.2105263157894737,0.9755150895700179
2454,0.7,0.21875,0.3333333333333333,0.9184726487489852
2455,0.9,0.4090909090909091,0.5625000000000001,0.9548356409497074
2456,0.9,0.3,0.45000000000000007,0.9623548488793522
2457,0.9,0.13432835820895522,0.23376623376623376,0.9788680395428242
2458,0.5,0.2777777777777778,0.35714285714285715,0.9647124537424501
2459,0.9,0.5294117647058824,0.6666666666666667,0.950447586923794
246,0.6666666666666666,1.0,0.8,0.9642391702740459
2460,0.9,1.0,0.9473684210526316,0.9789546892969045
2461,0.7,0.5384615384615384,0.608695652173913,0.9461511270472939
2462,0.8,0.32,0.45714285714285713,0.9620669832973471
2463,0.7,0.5833333333333334,0.6363636363636365,0.9524001933514061
2464,0.5714285714285714,1.0,0.7272727272727273,0.988826880896684
2465,0.5,0.23809523809523808,0.3225806451612903,0.9743714747496639
2466,0.7,0.3684210526315789,0.48275862068965514,0.95600377404101
2467,0.6,1.0,0.7499999999999999,0.9295457903981564
2468,0.6,0.42857142857142855,0.5,0.9887771525272553
2469,0.6,0.75,0.6666666666666665,0.9380491833532904
247,0.5714285714285714,1.0,0.7272727272727273,0.9297624025735679
2470,0.6,1.0,0.7499999999999999,0.9046409242671187
2471,0.75,1.0,0.8571428571428571,1.0
2472,0.7,0.25,0.3684210526315789,0.9430505725725972
2473,0.625,1.0,0.7692307692307693,0.9579350750542396
2474,0.42857142857142855,1.0,0.6,0.9094673784576427
2475,0.625,1.0,0.7692307692307693,0.8932603180273985
2476,0.5,1.0,0.6666666666666666,0.9569497692764579
2477,0.6,1.0,0.7499999999999999,0.9531963210277772
2478,0.8,0.25,0.38095238095238093,0.9458323697038933
2479,0.42857142857142855,1.0,0.6,0.9556257961049067
248,0.42857142857142855,1.0,0.6,0.9771443259910456
2480,0.4444444444444444,1.0,0.6153846153846153,0.9622912430284459
2481,0.8,0.4,0.5333333333333333,0.9284109618851211
2482,0.5,1.0,0.6666666666666666,0.9473259514391881
2483,0.5,0.8333333333333334,0.625,0.9445455922972841
2484,0.7,0.14893617021276595,0.24561403508771928,0.9617027214965969
2485,0.9,0.3,0.45000000000000007,0.9361111405699033
2486,0.9,0.391304347826087,0.5454545454545454,0.9361111405699033
2487,0.625,1.0,0.7692307692307693,0.9452594887400797
2488,0.5,1.0,0.6666666666666666,0.9360305320738762
2489,0.9,0.2647058823529412,0.40909090909090906,0.9623548488793522
249,0.7,0.5,0.5833333333333334,0.934260882441312
2490,0.4,1.0,0.5714285714285715,0.7627030423579543
2491,1.0,0.7692307692307693,0.8695652173913044,0.9544173319713032
2492,0.8,0.7272727272727273,0.761904761904762,0.9632726343550266
2493,0.5,0.5555555555555556,0.5263157894736842,0.9148393975223557
2494,0.25,1.0,0.4,0.9777463298993557
2495,0.5,1.0,0.6666666666666666,0.8104405767916144
2496,0.9,0.13043478260869565,0.22784810126582278,0.9177611213160132
2497,0.6,0.4,0.48,0.9531963210277772
2498,0.5,0.4166666666666667,0.45454545454545453,0.9559634397969067
2499,0.7,1.0,0.8235294117647058,0.9588677565710162
25,0.5,0.7142857142857143,0.588235294117647,0.8971979958473099
250,0.75,1.0,0.8571428571428571,0.9598238517065346
2500,0.8,0.47058823529411764,0.5925925925925927,0.9886752707345026
2501,0.8,0.8,0.8000000000000002,0.9820012349491912
2502,0.6,1.0,0.7499999999999999,0.9149212685146775
2503,0.6,0.375,0.4615384615384615,0.9537038240564029
2504,0.7,0.3181818181818182,0.4375,0.9675563425799882
2505,0.7142857142857143,1.0,0.8333333333333333,0.9348519620586547
2506,0.7,0.2413793103448276,0.358974358974359,0.9594636982022023
2507,1.0,0.08403361344537816,0.1550387596899225,0.9918115394479871
2508,0.9,0.9,0.9,0.9681630521033681
2509,0.3333333333333333,1.0,0.5,0.8718398728797031
251,0.6,0.6,0.6,0.8910407943458019
2510,0.8888888888888888,1.0,0.9411764705882353,0.9715524412925264
2511,0.5,1.0,0.6666666666666666,0.9562708591869049
2512,0.42857142857142855,1.0,0.6,0.9640853383427258
2513,0.6,0.6666666666666666,0.631578947368421,0.8860335678877028
2514,0.7142857142857143,1.0,0.8333333333333333,0.9861300026514437
2515,0.3,1.0,0.4615384615384615,0.9611499012727941
2516,0.6,1.0,0.7499999999999999,0.9749774768100044
2517,0.7,1.0,0.8235294117647058,0.9460394949675336
2518,0.8888888888888888,1.0,0.9411764705882353,0.9137532366046417
2519,0.3,1.0,0.4615384615384615,0.9578736003717896
252,0.3,0.75,0.4285714285714285,0.9821952119758895
2520,0.2,1.0,0.33333333333333337,0.9730273984566121
2521,0.7,0.875,0.7777777777777777,0.9509163061689967
2522,0.7,0.7777777777777778,0.7368421052631577,0.9728242162496618
2523,0.9,0.47368421052631576,0.6206896551724138,0.9729375088020854
2524,0.8333333333333334,1.0,0.9090909090909091,0.9626611301063375
2525,0.5,1.0,0.6666666666666666,0.9266838802355604
2526,0.6,0.23076923076923078,0.33333333333333337,0.9607515616193336
2527,0.8,1.0,0.888888888888889,0.9439949174131181
2528,0.2,0.6666666666666666,0.30769230769230765,0.9720867463459143
2529,1.0,0.09900990099009901,0.18018018018018017,0.9551391187363665
253,0.8,0.8888888888888888,0.8421052631578948,0.912576672823694
2530,0.25,1.0,0.4,0.8915233282285667
2531,0.5714285714285714,1.0,0.7272727272727273,0.9070901692106819
2532,0.7142857142857143,1.0,0.8333333333333333,0.9565331034685116
2533,0.8,0.4,0.5333333333333333,0.9227935397593018
2534,0.625,1.0,0.7692307692307693,0.9673674668789972
2535,0.6,0.75,0.6666666666666665,0.9642472930334256
2536,0.4,1.0,0.5714285714285715,0.9617007622565275
2537,0.9,0.12,0.21176470588235294,0.9604866207882771
2538,0.6,1.0,0.7499999999999999,0.9999999999999999
2539,0.8888888888888888,1.0,0.9411764705882353,0.9481791516429344
254,0.4,1.0,0.5714285714285715,0.9575188056082674
2540,0.4,0.4444444444444444,0.4210526315789474,0.9551391187363665
2541,0.4,0.17391304347826086,0.24242424242424243,0.9301882574594318
2542,0.8,1.0,0.888888888888889,0.9505804787723792
2543,0.6,1.0,0.7499999999999999,0.9566893647990653
2544,0.8,0.09090909090909091,0.163265306122449,0.994746570054114
2545,0.7,0.875,0.7777777777777777,0.9154254412090581
2546,0.5,0.35714285714285715,0.41666666666666663,0.8646577133651872
2547,0.7,0.4375,0.5384615384615384,0.9800239653228319
2548,0.3333333333333333,1.0,0.5,0.9415909916074453
2549,0.6,1.0,0.7499999999999999,1.0
255,0.1,0.16666666666666666,0.125,0.9685897396377549
2550,0.7,0.5833333333333334,0.6363636363636365,0.9617844936390109
2551,0.6,0.8571428571428571,0.7058823529411764,0.8695203563353808
2552,0.5,0.8333333333333334,0.625,0.9796124991950318
2553,0.6,1.0,0.7499999999999999,0.9927632582514461
2554,0.6666666666666666,1.0,0.8,0.980501341273919
2555,0.8,0.38095238095238093,0.5161290322580645,0.9657144373606007
2556,0.5,1.0,0.6666666666666666,0.8768354454248928
2557,0.5,0.625,0.5555555555555556,0.8992573506886704
2558,0.8,1.0,0.888888888888889,0.9620669832973471
2559,0.8,0.2962962962962963,0.43243243243243246,0.9796339561624106
256,0.7,0.5384615384615384,0.608695652173913,0.965494340395032
2560,0.75,1.0,0.8571428571428571,0.8952220017787201
2561,0.7,0.875,0.7777777777777777,0.9237405224186584
2562,0.6,0.3,0.4,0.9798694130973526
2563,0.6666666666666666,1.0,0.8,0.9740218111637509
2564,0.6,0.375,0.4615384615384615,0.9297488948388934
2565,0.7,0.1590909090909091,0.25925925925925924,0.9235689872780217
2566,0.6,0.20689655172413793,0.3076923076923077,0.9537127655759525
2567,0.8,0.25806451612903225,0.3902439024390244,0.9755150895700179
2568,0.5714285714285714,1.0,0.7272727272727273,0.8894855205552488
2569,0.6,1.0,0.7499999999999999,0.9182805957593514
257,1.0,1.0,1.0,0.9999999999999997
2570,0.6,0.8571428571428571,0.7058823529411764,0.9116833791303662
2571,0.5,0.8333333333333334,0.625,0.9712998461843051
2572,0.4,0.3333333333333333,0.3636363636363636,0.9511983710138439
2573,0.7,0.5384615384615384,0.608695652173913,0.9849126054721452
2574,0.42857142857142855,1.0,0.6,0.9600139207931722
2575,0.8,0.38095238095238093,0.5161290322580645,0.9538250859867871
2576,1.0,0.2702702702702703,0.4255319148936171,0.9819923398446812
2577,0.3,1.0,0.4615384615384615,0.9439810909269307
2578,0.2857142857142857,1.0,0.4444444444444445,0.9488286802385263
2579,0.3,0.6,0.4,0.9400616512540532
258,0.9,0.5,0.6428571428571429,0.95850761954505
2580,0.6,0.5454545454545454,0.5714285714285713,0.8842643967454134
2581,0.8,0.23529411764705882,0.3636363636363636,0.9910006174745954
2582,0.6,1.0,0.7499999999999999,0.864681044761479
2583,0.9,0.2571428571428571,0.39999999999999997,0.9918115394479871
2584,1.0,1.0,1.0,1.0
2585,0.9,0.5294117647058824,0.6666666666666667,0.9623548488793522
2586,0.6,1.0,0.7499999999999999,0.9326936015933845
2587,0.7142857142857143,1.0,0.8333333333333333,0.9392392906015941
2588,0.7777777777777778,1.0,0.8750000000000001,0.9156157122321281
2589,1.0,0.4,0.5714285714285715,0.9544173319713032
259,1.0,0.5,0.6666666666666666,0.9401854916484886
2590,0.9,0.2647058823529412,0.40909090909090906,0.95329412838341
2591,0.4444444444444444,1.0,0.6153846153846153,0.9805354192082341
2592,0.8,0.1568627450980392,0.2622950819672131,0.9108364399503749
2593,0.7,0.3684210526315789,0.48275862068965514,0.958357919287542
2594,0.7,0.5833333333333334,0.6363636363636365,0.9793319931773278
2595,0.7,0.3888888888888889,0.5,0.9427504404101044
2596,0.5555555555555556,1.0,0.7142857142857143,0.9296011763448023
2597,0.9,0.75,0.8181818181818182,0.9623548488793522
2598,0.5,1.0,0.6666666666666666,0.9066680243554841
2599,0.7,0.25,0.3684210526315789,0.9345824376867312
26,0.9,0.15789473684210525,0.26865671641791045,0.8996443648946112
260,0.7,0.4666666666666667,0.56,0.979362419165338
2600,0.8,0.7272727272727273,0.761904761904762,0.7764897292238048
2601,0.5,1.0,0.6666666666666666,0.9200233568145968
2602,0.3333333333333333,1.0,0.5,0.9842679727554833
2603,0.6666666666666666,1.0,0.8,0.9798786995081975
2604,0.5,1.0,0.6666666666666666,0.9729375088020854
2605,0.9,0.3333333333333333,0.48648648648648646,0.9361111405699033
2606,0.4444444444444444,0.8,0.5714285714285714,0.9771708530173543
2607,0.5,0.8333333333333334,0.625,0.9034450890828463
2608,0.5,0.25,0.3333333333333333,0.9712998461843051
2609,0.6,0.2857142857142857,0.3870967741935483,0.9887771525272553
261,1.0,0.2857142857142857,0.4444444444444445,0.9615572121244959
2610,0.5,1.0,0.6666666666666666,0.9066897175903917
2611,0.9,0.17647058823529413,0.2950819672131148,0.9642472930334256
2612,0.4444444444444444,1.0,0.6153846153846153,0.9794077495045906
2613,0.6,1.0,0.7499999999999999,0.9506329194880103
2614,0.6666666666666666,1.0,0.8,0.9122395146324604
2615,0.4,0.8,0.5333333333333333,0.8820570074724211
2616,0.7,1.0,0.8235294117647058,0.9750834687885964
2617,0.2,0.3333333333333333,0.25,0.8749296371311265
2618,0.8,1.0,0.888888888888889,0.9231372511788267
2619,0.6,0.75,0.6666666666666665,1.0
262,0.6,0.46153846153846156,0.5217391304347826,0.9723420039223137
2620,0.5,0.4166666666666667,0.45454545454545453,0.8962251048405134
2621,1.0,0.2777777777777778,0.4347826086956522,0.9258177965804658
2622,0.75,1.0,0.8571428571428571,0.988802680254059
2623,0.6,1.0,0.7499999999999999,0.9349344419905129
2624,0.6,0.15384615384615385,0.2448979591836735,0.9145952561729114
2625,0.4,0.4,0.4000000000000001,0.9110322459192896
2626,0.6,1.0,0.7499999999999999,0.8412831587916801
2627,0.9,0.1956521739130435,0.3214285714285714,0.9623548488793522
2628,0.8,0.36363636363636365,0.5000000000000001,0.9286076905519388
2629,1.0,0.2222222222222222,0.3636363636363636,1.0
263,0.8,0.7272727272727273,0.761904761904762,0.9304306465979424
2630,0.7,0.875,0.7777777777777777,0.953149472566328
2631,0.4,0.4444444444444444,0.4210526315789474,0.9459449410679581
2632,0.4444444444444444,1.0,0.6153846153846153,0.8804514782927385
2633,0.625,1.0,0.7692307692307693,0.9289188404767375
2634,0.8,0.18181818181818182,0.2962962962962963,0.9931728842962412
2635,0.8,1.0,0.888888888888889,0.9817574377279799
2636,0.9,1.0,0.9473684210526316,0.9680555702849517
2637,0.5,1.0,0.6666666666666666,0.966819599282616
2638,0.8,0.23529411764705882,0.3636363636363636,0.9415980032759194
2639,0.42857142857142855,1.0,0.6,0.9744312556382406
264,0.9,0.14285714285714285,0.24657534246575338,0.9469347370479845
2640,0.8,1.0,0.888888888888889,0.8768895840400469
2641,0.4,0.18181818181818182,0.25000000000000006,0.9700927458242443
2642,1.0,0.8333333333333334,0.9090909090909091,0.9772086659856518
2643,0.7,0.1590909090909091,0.25925925925925924,0.8927985629236151
2644,0.8,1.0,0.888888888888889,0.8706857190683265
2645,0.5,0.2,0.28571428571428575,0.9763766475770442
2646,0.8,1.0,0.888888888888889,0.9823377951878006
2647,0.4,1.0,0.5714285714285715,0.9719705792069783
2648,0.5,0.5,0.5,0.9166601103727158
2649,0.8,0.26666666666666666,0.4,0.9259353488688179
265,0.5,0.8333333333333334,0.625,0.9321414153181105
2650,0.5,1.0,0.6666666666666666,0.8702215895300026
2651,0.9,0.6,0.7200000000000001,1.0
2652,0.5555555555555556,1.0,0.7142857142857143,0.9185698125894649
2653,0.5,1.0,0.6666666666666666,0.9576618766064766
2654,0.5,0.5555555555555556,0.5263157894736842,0.9603049068612064
2655,0.5,0.8333333333333334,0.625,0.943342672713902
2656,0.8,0.38095238095238093,0.5161290322580645,0.961646505157554
2657,0.8,1.0,0.888888888888889,0.8768895840400469
2658,0.5714285714285714,1.0,0.7272727272727273,0.9057200043166584
2659,0.4,0.3333333333333333,0.3636363636363636,0.9340555896941443
266,0.7,1.0,0.8235294117647058,0.990375648425603
2660,0.4,1.0,0.5714285714285715,0.8416100631490823
2661,0.7,0.6363636363636364,0.6666666666666666,0.9235689872780217
2662,0.6666666666666666,1.0,0.8,0.907232672386002
2663,0.8,0.38095238095238093,0.5161290322580645,0.9681261057547603
2664,1.0,0.24390243902439024,0.39215686274509803,0.9639846796893623
2665,1.0,0.12987012987012986,0.22988505747126434,0.9743714747496639
2666,0.4,0.6666666666666666,0.5,0.8515148871869698
2667,0.8571428571428571,1.0,0.923076923076923,0.9637853732275635
2668,0.7,0.3888888888888889,0.5,0.9621521104910588
2669,0.8,0.5714285714285714,0.6666666666666666,0.9931728842962412
267,0.9,0.6923076923076923,0.7826086956521738,0.8994052033085171
2670,0.6,0.25,0.35294117647058826,0.9284881110214291
2671,0.6,1.0,0.7499999999999999,0.9025783646257811
2672,0.5,1.0,0.6666666666666666,0.9495929751065825
2673,0.5,1.0,0.6666666666666666,1.0
2674,0.4,0.6666666666666666,0.5,0.9700927458242443
2675,0.4444444444444444,1.0,0.6153846153846153,0.9643991992228296
2676,0.3,0.25,0.2727272727272727,0.9639846796893623
2677,0.625,1.0,0.7692307692307693,0.8921453921678232
2678,0.5555555555555556,1.0,0.7142857142857143,0.8986252905368807
2679,0.7,0.17073170731707318,0.2745098039215686,0.9924563027360727
268,0.7,0.2692307692307692,0.3888888888888889,0.9542407963750834
2680,0.6,0.375,0.4615384615384615,0.8910407943458019
2681,0.8,0.3076923076923077,0.4444444444444444,0.9485716560409011
2682,0.8,0.6153846153846154,0.6956521739130435,0.8414682199744932
2683,0.8,0.2962962962962963,0.43243243243243246,0.9910006174745954
2684,0.7,0.3333333333333333,0.45161290322580644,0.9084815927501669
2685,0.8,0.38095238095238093,0.5161290322580645,0.9005760256790291
2686,0.8,1.0,0.888888888888889,1.0
2687,0.6,1.0,0.7499999999999999,0.9539879780403697
2688,0.5,0.3333333333333333,0.4,0.9497446715294693
2689,0.8,0.5714285714285714,0.6666666666666666,0.9820012349491912
269,0.5,1.0,0.6666666666666666,0.9763158305612538
2690,0.4,1.0,0.5714285714285715,0.9719705792069783
2691,0.8,0.24242424242424243,0.372093023255814,0.9910006174745954
2692,0.4,0.23529411764705882,0.29629629629629634,0.9772079383101997
2693,0.8,0.42105263157894735,0.5517241379310345,0.9368104005576843
2694,1.0,0.7692307692307693,0.8695652173913044,0.9999999999999997
2695,0.5,0.8333333333333334,0.625,0.8628348244839005
2696,0.75,1.0,0.8571428571428571,1.0
2697,0.7142857142857143,1.0,0.8333333333333333,0.9547763091476298
2698,0.6666666666666666,1.0,0.8,0.9884774682040075
2699,0.7,0.5,0.5833333333333334,0.8912968649986469
27,0.7,0.875,0.7777777777777777,0.9800239653228319
270,0.5,0.7142857142857143,0.588235294117647,0.9729375088020854
2700,0.9,0.23684210526315788,0.375,0.9765981605138886
2701,0.8,0.5333333333333333,0.64,0.9437363943167452
2702,0.3333333333333333,1.0,0.5,0.907666791165512
2703,0.6,0.5,0.5454545454545454,0.9582261237523827
2704,0.7,1.0,0.8235294117647058,0.9334176756317973
2705,0.6,1.0,0.7499999999999999,0.9539879780403697
2706,0.6,1.0,0.7499999999999999,0.9869158169801626
2707,0.6,1.0,0.7499999999999999,0.9673390479502187
2708,0.625,1.0,0.7692307692307693,0.9615208357356835
2709,0.2857142857142857,1.0,0.4444444444444445,0.9370381433479537
271,0.4,0.2,0.26666666666666666,0.9850463729121222
2710,0.5,1.0,0.6666666666666666,0.9269991686776452
2711,0.75,1.0,0.8571428571428571,0.9615127942886694
2712,0.7,0.7,0.7,0.955845479250376
2713,0.6,1.0,0.7499999999999999,0.830662213931312
2714,0.5,1.0,0.6666666666666666,0.9724404875718274
2715,0.4,0.5714285714285714,0.47058823529411764,0.9591898197184878
2716,0.6,1.0,0.7499999999999999,0.9244645534483357
2717,0.6,1.0,0.7499999999999999,0.9793444269386193
2718,0.8,0.47058823529411764,0.5925925925925927,0.9578736003717896
2719,0.5,0.625,0.5555555555555556,0.9743714747496639
272,0.6,0.09090909090909091,0.15789473684210525,0.9486495662988145
2720,0.625,1.0,0.7692307692307693,0.9399894626640433
2721,0.8571428571428571,1.0,0.923076923076923,0.9634427182764393
2722,0.8,1.0,0.888888888888889,0.9243108908208721
2723,0.4,0.5714285714285714,0.47058823529411764,0.8752031986832287
2724,0.7,0.25,0.3684210526315789,0.8927985629236151
2725,0.5714285714285714,1.0,0.7272727272727273,0.9436976680482215
2726,0.8,0.8888888888888888,0.8421052631578948,0.9910006174745954
2727,0.6,0.8571428571428571,0.7058823529411764,0.9342700296418258
2728,0.3,0.6,0.4,0.8783988445867859
2729,0.6,1.0,0.7499999999999999,1.0
273,0.6,0.21428571428571427,0.3157894736842105,0.9857661908089422
2730,0.6,0.5,0.5454545454545454,0.9668470839830546
2731,0.9,0.3103448275862069,0.4615384615384615,0.9918115394479871
2732,0.7777777777777778,1.0,0.8750000000000001,0.960047600876661
2733,0.8,0.5333333333333333,0.64,0.9820012349491912
2734,0.9,0.5625,0.6923076923076923,0.8994052033085171
2735,0.6,1.0,0.7499999999999999,0.9659347349518455
2736,0.9,0.6428571428571429,0.75,0.9789546892969045
2737,0.9,0.1836734693877551,0.30508474576271183,0.9789546892969045
2738,0.6,0.6,0.6,0.9887771525272553
2739,0.7142857142857143,1.0,0.8333333333333333,0.9118275404842034
274,0.4,0.5,0.4444444444444445,0.9700927458242443
2740,1.0,0.5,0.6666666666666666,0.9544173319713032
2741,0.7142857142857143,1.0,0.8333333333333333,0.9382848151166469
2742,0.8,0.5714285714285714,0.6666666666666666,0.9078700478854722
2743,0.8,0.18604651162790697,0.3018867924528302,0.9608415691338051
2744,0.3,1.0,0.4615384615384615,0.9999999999999998
2745,0.8,0.3076923076923077,0.4444444444444444,0.9671162457434435
2746,0.6,0.75,0.6666666666666665,0.9299911715751016
2747,0.4,0.3076923076923077,0.34782608695652173,0.948783132064734
2748,0.8,0.2222222222222222,0.3478260869565218,0.8534134414652383
2749,0.6,0.6,0.6,0.9765981605138886
275,0.7,0.7,0.7,0.9797892136820553
2750,0.6,0.3333333333333333,0.42857142857142855,0.9765981605138886
2751,0.7,0.4117647058823529,0.5185185185185185,0.9408166219770696
2752,0.7,0.18421052631578946,0.29166666666666663,0.9020621515817264
2753,0.8,0.11764705882352941,0.20512820512820512,0.8982071704373353
2754,0.7,0.5,0.5833333333333334,0.9416467119624307
2755,0.6,1.0,0.7499999999999999,0.9999999999999999
2756,0.8,0.4444444444444444,0.5714285714285714,0.9820012349491912
2757,0.9,0.47368421052631576,0.6206896551724138,0.9730273984566121
2758,0.5,1.0,0.6666666666666666,0.9792134971083977
2759,0.75,1.0,0.8571428571428571,0.8952101707777285
276,0.4,1.0,0.5714285714285715,0.9719705792069783
2760,0.8,0.8,0.8000000000000002,0.9578736003717896
2761,1.0,0.17543859649122806,0.29850746268656714,0.9544173319713032
2762,0.7,1.0,0.8235294117647058,0.9675563425799882
2763,0.6,1.0,0.7499999999999999,0.9333611268988125
2764,0.2,0.09523809523809523,0.12903225806451613,0.9772086659856518
2765,0.9,0.32142857142857145,0.4736842105263158,0.938532686481868
2766,0.5,0.5555555555555556,0.5263157894736842,0.9476723049203274
2767,0.6666666666666666,1.0,0.8,0.9589674555356689
2768,0.8,0.7272727272727273,0.761904761904762,0.9368104005576843
2769,0.8,0.4,0.5333333333333333,0.9711502186456629
277,0.8,1.0,0.888888888888889,0.977772496389062
2770,0.3,1.0,0.4615384615384615,0.9579093785938091
2771,0.7,0.20588235294117646,0.3181818181818182,0.8416100631490823
2772,0.6,0.2608695652173913,0.36363636363636365,0.928987868675993
2773,0.8,0.8,0.8000000000000002,0.9723705493124036
2774,0.5,0.125,0.2,0.9328769827900055
2775,0.3333333333333333,1.0,0.5,0.9480744699411153
2776,0.7,0.15555555555555556,0.2545454545454545,0.9892801522350012
2777,0.9,0.09574468085106383,0.17307692307692307,0.95850761954505
2778,0.4,0.6666666666666666,0.5,0.9696180716590156
2779,1.0,0.3448275862068966,0.5128205128205129,0.9639846796893623
278,0.9,0.391304347826087,0.5454545454545454,0.9723705493124036
2780,0.25,1.0,0.4,0.9224661824737718
2781,0.8,0.3333333333333333,0.47058823529411764,0.9820012349491912
2782,0.7,1.0,0.8235294117647058,0.9424888267034691
2783,0.4,0.8,0.5333333333333333,0.9171651626187869
2784,0.6,0.3157894736842105,0.41379310344827586,0.916834555619856
2785,0.5,0.625,0.5555555555555556,0.9469347370479845
2786,1.0,0.23255813953488372,0.37735849056603776,0.9918115394479871
2787,0.9,0.5,0.6428571428571429,0.9892836703577528
2788,0.2,0.25,0.22222222222222224,0.9772086659856518
2789,0.7,0.6363636363636364,0.6666666666666666,0.9750834687885964
279,0.7,1.0,0.8235294117647058,0.9572882185166511
2790,0.8,0.5333333333333333,0.64,0.9911554430582546
2791,0.8,1.0,0.888888888888889,0.9820012349491912
2792,0.8,0.3076923076923077,0.4444444444444444,0.9182439574990103
2793,0.3,0.05263157894736842,0.08955223880597013,0.9459770195340433
2794,0.9,0.42857142857142855,0.5806451612903225,0.9623548488793522
2795,0.4,0.5,0.4444444444444445,0.9080461961175895
2796,0.7,0.16666666666666666,0.2692307692307692,0.9177442479253326
2797,0.6,1.0,0.7499999999999999,0.9809539704533934
2798,0.8,0.7272727272727273,0.761904761904762,0.9681261057547603
2799,0.6,1.0,0.7499999999999999,0.904950275245331
28,0.6,0.5,0.5454545454545454,0.958286655037459
280,0.7,1.0,0.8235294117647058,0.9672305919025712
2800,0.6,0.6666666666666666,0.631578947368421,0.9588753507595142
2801,0.1,0.14285714285714285,0.11764705882352941,0.9275253321130695
2802,0.6,0.6,0.6,0.9859326934993364
2803,0.7,0.5,0.5833333333333334,0.9434299082704013
2804,0.6,0.23076923076923078,0.33333333333333337,0.9368681214881766
2805,0.3,0.42857142857142855,0.3529411764705882,0.9332982057041431
2806,0.5,0.8333333333333334,0.625,0.980875655658761
2807,0.4,0.12121212121212122,0.186046511627907,0.9617007622565275
2808,0.2,0.18181818181818182,0.1904761904761905,0.9730273984566121
2809,0.6,0.42857142857142855,0.5,0.9775543050545107
281,0.6,0.46153846153846156,0.5217391304347826,0.8718493265410437
2810,0.8,0.20512820512820512,0.326530612244898,0.9788680395428242
2811,0.8,0.7272727272727273,0.761904761904762,0.9017303399451966
2812,0.7,0.4666666666666667,0.56,0.9456484324993235
2813,0.8,1.0,0.888888888888889,0.8767285971822086
2814,0.7,0.4375,0.5384615384615384,0.9788271305129042
2815,0.4,1.0,0.5714285714285715,0.9256467937790235
2816,0.8,1.0,0.888888888888889,0.9267468496886672
2817,0.4,0.8,0.5333333333333333,0.8862484921307703
2818,0.5,0.16129032258064516,0.24390243902439024,0.9706266396994013
2819,0.75,1.0,0.8571428571428571,0.9473616243939144
282,0.5,1.0,0.6666666666666666,0.9647910896017525
2820,0.9,0.08490566037735849,0.15517241379310345,0.9520582902646016
2821,0.6666666666666666,1.0,0.8,0.9073850343638701
2822,0.7,0.7777777777777778,0.7368421052631577,0.9403805588296502
2823,0.5,1.0,0.6666666666666666,0.9521176503632466
2824,1.0,0.2631578947368421,0.4166666666666667,0.9800239653228319
2825,0.5,0.3125,0.38461538461538464,0.9177913384102631
2826,0.6,0.23076923076923078,0.33333333333333337,0.8751611874813144
2827,0.42857142857142855,1.0,0.6,0.9601881950303396
2828,0.8,0.8,0.8000000000000002,0.9630161970932718
2829,0.25,1.0,0.4,0.8520271341574454
283,1.0,1.0,1.0,1.0
2830,0.5,0.7142857142857143,0.588235294117647,0.9779258301134292
2831,0.5,1.0,0.6666666666666666,0.9681709239221592
2832,0.9,0.375,0.5294117647058825,0.9757141666179198
2833,0.6,1.0,0.7499999999999999,0.9480875248414176
2834,0.8,1.0,0.888888888888889,0.9599165985524308
2835,0.75,1.0,0.8571428571428571,0.9722843852465919
2836,1.0,1.0,1.0,1.0
2837,0.7,0.3888888888888889,0.5,0.9329736800323636
2838,0.625,1.0,0.7692307692307693,0.9581008816215429
2839,0.2857142857142857,1.0,0.4444444444444445,0.911614739750067
284,1.0,0.1694915254237288,0.2898550724637681,0.9775543050545107
2840,0.6,0.23076923076923078,0.33333333333333337,0.9326936015933845
2841,0.5,0.11363636363636363,0.18518518518518517,0.9309360201356381
2842,0.7,0.7,0.7,0.9403805588296502
2843,0.5,1.0,0.6666666666666666,0.7842903711538781
2844,0.9,0.6923076923076923,0.7826086956521738,0.9666193393289652
2845,0.7,1.0,0.8235294117647058,0.9624362621529028
2846,0.8,0.8,0.8000000000000002,0.9773505414690052
2847,0.8,0.2,0.32000000000000006,0.8937226996649238
2848,0.5,0.22727272727272727,0.3125,0.8854465801853114
2849,0.6,0.375,0.4615384615384615,0.966331457581766
285,0.7,0.4375,0.5384615384615384,0.9800239653228319
2850,0.6666666666666666,1.0,0.8,0.9302049456238741
2851,0.5714285714285714,1.0,0.7272727272727273,0.9648812012867839
2852,0.7,0.6363636363636364,0.6666666666666666,0.9800239653228319
2853,0.8,0.5714285714285714,0.6666666666666666,0.8900100896694672
2854,0.9,0.25,0.391304347826087,0.9603049068612064
2855,0.6,0.8571428571428571,0.7058823529411764,0.864510230440103
2856,0.9,1.0,0.9473684210526316,0.9774201884671817
2857,0.5,0.10204081632653061,0.1694915254237288,0.9388774305952335
2858,0.8,0.8,0.8000000000000002,0.9511983710138439
2859,0.7,0.5384615384615384,0.608695652173913,0.9900119826614159
286,0.6666666666666666,1.0,0.8,0.9644013077170068
2860,0.9,0.11392405063291139,0.20224719101123595,0.9704771161969166
2861,0.6,1.0,0.7499999999999999,0.8882566722906421
2862,0.6,0.5,0.5454545454545454,0.9681495854706362
2863,0.8,0.42105263157894735,0.5517241379310345,0.9657144373606007
2864,0.4,1.0,0.5714285714285715,0.9618475628859036
2865,0.5,0.5555555555555556,0.5263157894736842,0.9084748605570315
2866,0.9,0.42857142857142855,0.5806451612903225,0.9611499012727941
2867,0.8333333333333334,1.0,0.9090909090909091,0.9999999999999999
2868,0.8,0.38095238095238093,0.5161290322580645,0.9303787938891906
2869,0.42857142857142855,1.0,0.6,0.9343703883241092
287,0.8,0.7272727272727273,0.761904761904762,0.9484127518898294
2870,0.8,0.42105263157894735,0.5517241379310345,0.8622212659007691
2871,0.3333333333333333,1.0,0.5,0.9515380771228339
2872,0.8,0.13793103448275862,0.2352941176470588,0.934274715117254
2873,0.9,0.32142857142857145,0.4736842105263158,0.9548403769343636
2874,0.3,0.5,0.37499999999999994,0.9445585905322252
2875,1.0,1.0,1.0,1.0
2876,0.9,0.4090909090909091,0.5625000000000001,0.9687422649163075
2877,0.6,1.0,0.7499999999999999,0.9229593196148652
2878,0.8,0.1111111111111111,0.19512195121951217,0.9854839336532432
2879,0.8,1.0,0.888888888888889,0.9613552676779333
288,0.5,0.8333333333333334,0.625,0.9476723049203274
2880,0.7,0.23333333333333334,0.35,0.945840128834004
2881,0.9,0.75,0.8181818181818182,0.9465856359276682
2882,0.8,0.5714285714285714,0.6666666666666666,0.9572325595713429
2883,0.7,0.5384615384615384,0.608695652173913,0.9617844936390109
2884,0.25,1.0,0.4,1.0
2885,0.6,0.3333333333333333,0.42857142857142855,0.9752982650390741
2886,0.6,0.5454545454545454,0.5714285714285713,0.9530195220426997
2887,0.9,0.15789473684210525,0.26865671641791045,0.9421453490221288
2888,0.9,0.21428571428571427,0.3461538461538461,0.9828170121864932
2889,1.0,0.3125,0.47619047619047616,0.9544173319713032
289,0.4,0.6666666666666666,0.5,0.95329412838341
2890,0.8,0.5333333333333333,0.64,0.9197372383389365
2891,0.2,0.6666666666666666,0.30769230769230765,0.9704234189747422
2892,0.7,0.6363636363636364,0.6666666666666666,0.9754194420597171
2893,0.6,1.0,0.7499999999999999,0.9539879780403697
2894,0.8,0.5333333333333333,0.64,0.9506537023310999
2895,1.0,0.15625,0.2702702702702703,0.9615572121244959
2896,1.0,0.23255813953488372,0.37735849056603776,0.9459770195340433
2897,0.9,0.47368421052631576,0.6206896551724138,0.980349848401603
2898,1.0,0.625,0.7692307692307693,0.9700927458242443
2899,0.8,0.125,0.21621621621621623,0.9578736003717896
29,0.6,0.5454545454545454,0.5714285714285713,0.8966132579155672
290,0.42857142857142855,1.0,0.6,0.8915030990764599
2900,1.0,0.38461538461538464,0.5555555555555556,0.9999999999999997
2901,0.2,0.11764705882352941,0.14814814814814817,0.9544173319713032
2902,0.4,1.0,0.5714285714285715,1.0
2903,0.5,0.5555555555555556,0.5263157894736842,0.9608415691338051
2904,0.5,1.0,0.6666666666666666,0.9026459970692357
2905,0.6,0.42857142857142855,0.5,0.9578836993582348
2906,0.6,0.8571428571428571,0.7058823529411764,0.9857661908089422
2907,0.8,0.11594202898550725,0.20253164556962025,0.9630877223876576
2908,0.6,1.0,0.7499999999999999,0.9315590555090092
2909,1.0,0.06172839506172839,0.11627906976744184,0.9910006174745954
291,0.9,0.5,0.6428571428571429,0.9418706699928787
2910,0.8,0.5,0.6153846153846154,0.9538404584909105
2911,0.7,1.0,0.8235294117647058,0.9170743176293812
2912,0.4444444444444444,1.0,0.6153846153846153,0.8777548840993266
2913,0.8,0.1702127659574468,0.2807017543859649,0.9538250859867871
2914,0.9,0.8181818181818182,0.8571428571428572,0.9834092549099822
2915,0.9,0.75,0.8181818181818182,0.950447586923794
2916,0.7,0.23333333333333334,0.35,0.9497052374602941
2917,0.5,1.0,0.6666666666666666,0.903479468602896
2918,1.0,0.19230769230769232,0.32258064516129037,0.9683809492124369
2919,0.9,0.45,0.6,0.9621021941773628
292,0.3333333333333333,1.0,0.5,0.9633058990589797
2920,0.6,1.0,0.7499999999999999,0.9933353282867341
2921,0.8,0.6153846153846154,0.6956521739130435,0.97769947006196
2922,0.7,0.875,0.7777777777777777,0.9900119826614159
2923,0.6,1.0,0.7499999999999999,0.8881816559561834
2924,0.6,1.0,0.7499999999999999,0.9455203971729008
2925,0.4,1.0,0.5714285714285715,0.9156216721454458
2926,0.6,0.1935483870967742,0.2926829268292683,0.9537235222600752
2927,0.6,0.75,0.6666666666666665,0.9735913254974546
2928,1.0,0.18181818181818182,0.3076923076923077,0.966331457581766
2929,1.0,0.2,0.33333333333333337,0.9775543050545107
293,1.0,0.3125,0.47619047619047616,0.9900119826614159
2930,0.75,1.0,0.8571428571428571,0.9180377341339306
2931,0.7,0.3181818181818182,0.4375,0.9862779549030513
2932,0.6666666666666666,1.0,0.8,0.9265899635734901
2933,0.6,0.46153846153846156,0.5217391304347826,0.9128060035797855
2934,0.5,0.09803921568627451,0.1639344262295082,0.9836739525247684
2935,0.7,0.5,0.5833333333333334,0.88221686701844
2936,0.6,0.8571428571428571,0.7058823529411764,0.9632726343550266
2937,0.6,0.46153846153846156,0.5217391304347826,0.9030663621477958
2938,0.8,0.25806451612903225,0.3902439024390244,0.9144934937820751
2939,0.7,0.3684210526315789,0.48275862068965514,0.9203817433087285
294,0.6,1.0,0.7499999999999999,0.8771484567654693
2940,0.5714285714285714,1.0,0.7272727272727273,0.9317876537921621
2941,1.0,0.2631578947368421,0.4166666666666667,0.9459770195340433
2942,0.5,0.3125,0.38461538461538464,0.945875017604171
2943,0.7,0.5384615384615384,0.608695652173913,0.9687422649163075
2944,0.5,0.29411764705882354,0.37037037037037035,0.9440492692413881
2945,0.9,0.8181818181818182,0.8571428571428572,0.9666193393289652
2946,1.0,0.14492753623188406,0.25316455696202533,0.9754136306780333
2947,0.7,0.4375,0.5384615384615384,0.9466970991111561
2948,0.5,0.8333333333333334,0.625,0.8975555589591594
2949,0.4,1.0,0.5714285714285715,0.9050234570006309
295,0.8,0.32,0.45714285714285713,0.9834713269822172
2950,0.6,0.75,0.6666666666666665,0.8606154429424684
2951,0.4,1.0,0.5714285714285715,0.95329412838341
2952,0.6,0.46153846153846156,0.5217391304347826,0.966331457581766
2953,0.4,0.5,0.4444444444444445,0.9272292242117542
2954,0.625,1.0,0.7692307692307693,0.9775864271328133
2955,0.6,0.25,0.35294117647058826,0.9277536570299153
2956,0.5,1.0,0.6666666666666666,0.8944597506953285
2957,0.8,1.0,0.888888888888889,0.9820012349491912
2958,0.5555555555555556,1.0,0.7142857142857143,0.9830843041558599
2959,0.9,0.8181818181818182,0.8571428571428572,0.9696180716590156
296,0.8,0.5,0.6153846153846154,0.9376946478973852
2960,0.5714285714285714,1.0,0.7272727272727273,0.9839769231284726
2961,0.6666666666666666,1.0,0.8,0.9454900505667349
2962,0.7,0.08641975308641975,0.15384615384615385,0.9010901608955486
2963,0.625,1.0,0.7692307692307693,0.9851342146381673
2964,0.6,1.0,0.7499999999999999,0.9544962165025916
2965,0.4,0.6666666666666666,0.5,0.833349589733101
2966,0.8,0.32,0.45714285714285713,0.9301955153894367
2967,0.7,0.125,0.21212121212121213,0.9559148998771374
2968,0.6,0.25,0.35294117647058826,0.9457157356910042
2969,0.8,0.3333333333333333,0.47058823529411764,0.9458323697038933
297,0.5,0.625,0.5555555555555556,0.971140221485929
2970,0.7,1.0,0.8235294117647058,0.9568673579426956
2971,0.5,1.0,0.6666666666666666,0.9465305185791872
2972,0.7,0.4117647058823529,0.5185185185185185,0.9410332940681292
2973,0.6,0.6666666666666666,0.631578947368421,0.9572985724268266
2974,0.7,0.5,0.5833333333333334,0.9589171891171091
2975,0.3,0.6,0.4,0.9639846796893623
2976,0.9,0.6428571428571429,0.75,0.9680555702849517
2977,0.4,1.0,0.5714285714285715,0.8000186868965522
2978,0.5,0.29411764705882354,0.37037037037037035,0.893815276854211
2979,0.7777777777777778,1.0,0.8750000000000001,0.9509379459748942
298,0.8333333333333334,1.0,0.9090909090909091,0.9626611301063375
2980,0.9,0.47368421052631576,0.6206896551724138,0.9730273984566121
2981,0.5,1.0,0.6666666666666666,0.9792134971083977
2982,0.6,1.0,0.7499999999999999,0.9546547774305336
2983,0.7,1.0,0.8235294117647058,0.978567340715506
2984,0.6,1.0,0.7499999999999999,0.8543749800518405
2985,0.8,0.34782608695652173,0.48484848484848486,0.9754136306780333
2986,0.8,0.11594202898550725,0.20253164556962025,0.943856739573407
2987,0.7,1.0,0.8235294117647058,0.9451585278501338
2988,0.7,1.0,0.8235294117647058,0.9605041282963958
2989,0.9,0.5294117647058824,0.6666666666666667,0.950447586923794
299,0.7,0.4666666666666667,0.56,0.962288468910315
2990,0.9,0.25,0.391304347826087,0.9579093785938091
2991,0.7,0.875,0.7777777777777777,0.8968119667655196
2992,0.5555555555555556,1.0,0.7142857142857143,0.893495931278528
2993,0.9,0.75,0.8181818181818182,0.950447586923794
2994,0.6,0.24,0.34285714285714286,0.9715323816178844
2995,0.9,0.1956521739130435,0.3214285714285714,0.9611499012727941
2996,0.9,0.225,0.36000000000000004,0.9651412108143528
2997,0.4,0.3333333333333333,0.3636363636363636,0.9700927458242443
2998,0.6,1.0,0.7499999999999999,0.880239470488071
2999,0.9,0.42857142857142855,0.5806451612903225,0.8895340273674341
3,0.7,1.0,0.8235294117647058,0.9315148986857834
30,0.5555555555555556,1.0,0.7142857142857143,0.9482157938861128
300,0.6,0.2727272727272727,0.37499999999999994,0.9421453490221288
3000,0.8,0.8,0.8000000000000002,0.9828572186803003
3001,1.0,0.22727272727272727,0.37037037037037035,0.9900119826614159
3002,0.8,0.6153846153846154,0.6956521739130435,0.9624814926561788
3003,0.9,0.75,0.8181818181818182,0.9361111405699033
3004,0.8,0.4444444444444444,0.5714285714285714,0.9653129408373391
3005,0.9,0.6428571428571429,0.75,0.971140221485929
3006,0.5,0.8333333333333334,0.625,0.9729375088020854
3007,0.7,0.2692307692307692,0.3888888888888889,0.9617540252161915
3008,0.42857142857142855,1.0,0.6,0.9318181389956874
3009,0.6666666666666666,1.0,0.8,0.9745368544705467
301,1.0,0.23809523809523808,0.3846153846153846,0.9800239653228319
3010,0.5,0.5555555555555556,0.5263157894736842,0.8992591520151995
3011,0.8,0.6666666666666666,0.7272727272727272,0.9820012349491912
3012,0.7,0.22580645161290322,0.3414634146341463,0.9619482748006802
3013,0.7,0.14893617021276595,0.24561403508771928,0.948783132064734
3014,0.8,0.3076923076923077,0.4444444444444444,0.9874482548586274
3015,0.5555555555555556,1.0,0.7142857142857143,0.9397593263679748
3016,0.7777777777777778,1.0,0.8750000000000001,0.9559579175645356
3017,0.8,0.20512820512820512,0.326530612244898,0.9967323724660617
3018,1.0,0.11904761904761904,0.21276595744680848,1.0
3019,0.5,1.0,0.6666666666666666,0.9099696425240504
302,0.9,0.0989010989010989,0.1782178217821782,0.973159242993717
3020,0.3,0.2727272727272727,0.28571428571428564,0.9639846796893623
3021,0.5,1.0,0.6666666666666666,0.9164881130889048
3022,0.8,0.42105263157894735,0.5517241379310345,0.9151373247796761
3023,0.8,0.8888888888888888,0.8421052631578948,0.9484127518898294
3024,0.9,0.34615384615384615,0.5,0.9681630521033681
3025,0.7,0.4117647058823529,0.5185185185185185,0.9800239653228319
3026,0.9,0.21428571428571427,0.3461538461538461,0.9101076365947492
3027,0.4,1.0,0.5714285714285715,0.9999999999999999
3028,0.9,0.5294117647058824,0.6666666666666667,0.9774201884671817
3029,0.9,0.08256880733944955,0.15126050420168066,0.9589171891171091
303,0.9,0.34615384615384615,0.5,0.9531963210277772
3030,0.6666666666666666,1.0,0.8,0.9568964269401784
3031,0.3,0.0967741935483871,0.14634146341463414,0.9639846796893623
3032,0.7,0.0707070707070707,0.12844036697247704,0.9800239653228319
3033,1.0,0.625,0.7692307692307693,0.9775543050545107
3034,0.5,1.0,0.6666666666666666,0.9696999047121115
3035,0.9,0.75,0.8181818181818182,0.8949463708260097
3036,0.6,0.46153846153846156,0.5217391304347826,0.940192863600482
3037,0.7,0.7777777777777778,0.7368421052631577,0.967278612600205
3038,0.8,0.5714285714285714,0.6666666666666666,0.9723705493124036
3039,0.7,0.875,0.7777777777777777,0.9800239653228319
304,0.8333333333333334,1.0,0.9090909090909091,0.9806152582136579
3040,0.6,1.0,0.7499999999999999,0.9157864059256493
3041,0.7,0.5833333333333334,0.6363636363636365,0.9551651250095562
3042,0.5,0.625,0.5555555555555556,0.9420565949978704
3043,0.5,1.0,0.6666666666666666,0.8920707613364625
3044,0.8,0.1951219512195122,0.3137254901960785,0.9484373921546314
3045,0.7,0.5833333333333334,0.6363636363636365,0.9800239653228319
3046,0.6,0.75,0.6666666666666665,0.9671112348746163
3047,0.8,0.8,0.8000000000000002,0.9683411523335436
3048,0.6,0.6666666666666666,0.631578947368421,0.8742807913411045
3049,0.2,0.6666666666666666,0.30769230769230765,0.9544173319713032
305,0.5,0.35714285714285715,0.41666666666666663,0.9733762607848419
3050,0.7,0.875,0.7777777777777777,0.9389514619553992
3051,0.9,0.25,0.391304347826087,0.9476723049203274
3052,0.6,0.6,0.6,0.8645519479832674
3053,0.7,0.5,0.5833333333333334,0.9578902112437672
3054,1.0,0.1724137931034483,0.29411764705882354,0.9800239653228319
3055,0.8,0.24242424242424243,0.372093023255814,0.9620669832973471
3056,1.0,0.38461538461538464,0.5555555555555556,0.9639846796893623
3057,0.5,0.35714285714285715,0.41666666666666663,0.9238902189627074
3058,0.9,0.5294117647058824,0.6666666666666667,0.950872582471445
3059,0.5555555555555556,1.0,0.7142857142857143,0.9422882517801363
306,0.8,0.2857142857142857,0.4210526315789473,0.9221662383203305
3060,0.5,1.0,0.6666666666666666,0.954686159071123
3061,0.7142857142857143,1.0,0.8333333333333333,0.9734672391432101
3062,0.8,0.8,0.8000000000000002,0.8945379206609162
3063,0.6,0.75,0.6666666666666665,0.9262157165191826
3064,0.4444444444444444,1.0,0.6153846153846153,0.9386438750460404
3065,0.9,0.225,0.36000000000000004,0.9680555702849517
3066,0.8,0.6153846153846154,0.6956521739130435,0.9511983710138439
3067,0.8,0.07547169811320754,0.13793103448275862,0.9797959187275677
3068,0.8,1.0,0.888888888888889,0.9777568761062976
3069,0.8,0.2857142857142857,0.4210526315789473,0.9623068267359429
307,0.9,0.3,0.45000000000000007,0.9999999999999999
3070,0.875,1.0,0.9333333333333333,0.9354134490607044
3071,0.6666666666666666,1.0,0.8,0.838867116807424
3072,0.6,0.3,0.4,0.9145952561729114
3073,0.8,0.8888888888888888,0.8421052631578948,0.9723705493124036
3074,0.7,0.4666666666666667,0.56,0.9800239653228319
3075,0.8,0.21621621621621623,0.3404255319148936,0.9144934937820751
3076,0.8,1.0,0.888888888888889,0.904565255544175
3077,0.5,0.5,0.5,0.967757291112568
3078,0.7142857142857143,1.0,0.8333333333333333,0.9701337876602927
3079,0.6,0.6,0.6,0.9339962400269967
308,1.0,0.1694915254237288,0.2898550724637681,0.9683809492124369
3080,0.9,0.1232876712328767,0.21686746987951808,0.9871896556458479
3081,1.0,0.1724137931034483,0.29411764705882354,0.9700359479842476
3082,0.8,0.20512820512820512,0.326530612244898,0.9503430126997726
3083,0.5,0.5,0.5,0.9743793112916959
3084,0.5,1.0,0.6666666666666666,0.95850761954505
3085,0.7,0.4666666666666667,0.56,0.9700359479842476
3086,0.7,0.4666666666666667,0.56,0.9689199067321709
3087,0.4,0.21052631578947367,0.27586206896551724,0.9700927458242443
3088,0.3,1.0,0.4615384615384615,0.961396769879651
3089,0.3,0.75,0.4285714285714285,0.9316493580119439
309,0.3,0.375,0.33333333333333326,0.9789546892969045
3090,0.4,0.6666666666666666,0.5,0.9681200382180565
3091,0.7,0.7777777777777778,0.7368421052631577,0.9259698576396695
3092,0.4,0.8,0.5333333333333333,0.9629838264427366
3093,0.9,0.36,0.5142857142857143,0.9642472930334256
3094,0.6666666666666666,1.0,0.8,0.9216702237496072
3095,0.6,0.4,0.48,0.9618674946795892
3096,0.4,0.36363636363636365,0.380952380952381,0.9700927458242443
3097,0.6,0.75,0.6666666666666665,0.9364735279804188
3098,0.5,0.45454545454545453,0.47619047619047616,0.8623528253976831
3099,0.7,0.4375,0.5384615384615384,0.9703189989939339
31,0.5,0.45454545454545453,0.47619047619047616,0.8818470359573282
310,0.6,0.25,0.35294117647058826,0.9020998699312364
3100,0.9,1.0,0.9473684210526316,0.9685897396377549
3101,0.5,0.25,0.3333333333333333,0.9615572121244959
3102,0.42857142857142855,1.0,0.6,0.9625913922574538
3103,0.5,1.0,0.6666666666666666,0.9169628831262014
3104,0.6666666666666666,1.0,0.8,0.9560426570431005
3105,0.9,0.6923076923076923,0.7826086956521738,0.9680555702849517
3106,0.8,0.8,0.8000000000000002,0.9910006174745954
3107,0.6,0.75,0.6666666666666665,0.8867897569867371
3108,1.0,0.15625,0.2702702702702703,0.9683809492124369
3109,0.4,0.8,0.5333333333333333,0.9427544510750078
311,0.5,1.0,0.6666666666666666,0.9410430019571553
3110,0.8,0.26666666666666666,0.4,0.8964548185049728
3111,0.9,0.5625,0.6923076923076923,0.9359727905794268
3112,0.6,0.3,0.4,0.8882566722906421
3113,0.4,1.0,0.5714285714285715,0.8779014268788643
3114,0.5,0.45454545454545453,0.47619047619047616,0.8595954666204755
3115,0.5,1.0,0.6666666666666666,0.9144325300598695
3116,0.9,0.6428571428571429,0.75,0.9937651092415973
3117,0.375,1.0,0.5454545454545454,0.9362861221438674
3118,0.8,0.13333333333333333,0.2285714285714286,0.9410422906067071
3119,0.5,0.5,0.5,0.8781553960354687
312,0.9,0.9,0.9,0.9561199581209494
3120,0.625,1.0,0.7692307692307693,0.9485216358056945
3121,0.9,0.375,0.5294117647058825,0.9729375088020854
3122,0.6666666666666666,1.0,0.8,0.9059666754808026
3123,0.8,0.6153846153846154,0.6956521739130435,0.9837040231634792
3124,0.5,1.0,0.6666666666666666,0.9470209564396632
3125,0.6,0.13043478260869565,0.21428571428571427,0.9338098213571505
3126,0.7,0.5833333333333334,0.6363636363636365,0.9675563425799882
3127,0.6666666666666666,1.0,0.8,0.9381444126618682
3128,0.7,0.1794871794871795,0.2857142857142857,0.9804155268597654
3129,1.0,0.19230769230769232,0.32258064516129037,0.9743714747496639
313,0.16666666666666666,1.0,0.2857142857142857,0.9620873879290356
3130,0.5,0.8333333333333334,0.625,0.8632745817745427
3131,0.4,0.6666666666666666,0.5,0.890185367136262
3132,0.6666666666666666,1.0,0.8,0.9784482134700891
3133,0.6,1.0,0.7499999999999999,0.9450552481494068
3134,0.9,0.6923076923076923,0.7826086956521738,0.9460547969132242
3135,0.5,0.38461538461538464,0.4347826086956522,0.9234460571720197
3136,0.5,1.0,0.6666666666666666,0.9224714661301959
3137,0.6,0.8571428571428571,0.7058823529411764,0.9617003422706012
3138,0.7,0.3684210526315789,0.48275862068965514,0.9606719826117069
3139,0.6,0.75,0.6666666666666665,0.9537038240564029
314,0.8,0.26666666666666666,0.4,0.9630877223876576
3140,0.8,0.1702127659574468,0.2807017543859649,0.9314288747212014
3141,0.4,0.8,0.5333333333333333,0.9203817433087285
3142,0.8,0.5714285714285714,0.6666666666666666,0.9812021102361709
3143,0.6,0.3,0.4,0.944651369352395
3144,0.5714285714285714,1.0,0.7272727272727273,0.9439892870998331
3145,0.6,0.5,0.5454545454545454,0.8867658582745702
3146,0.6,0.6666666666666666,0.631578947368421,0.8935083848088284
3147,0.6,0.3,0.4,0.9597388261947055
3148,0.6,0.5,0.5454545454545454,0.9396651092650257
3149,0.6666666666666666,1.0,0.8,0.9829615364898217
315,0.8,1.0,0.888888888888889,0.977772496389062
3150,0.6,0.5454545454545454,0.5714285714285713,0.9399377545301062
3151,0.9,0.3333333333333333,0.48648648648648646,0.9747846602592268
3152,0.42857142857142855,1.0,0.6,0.89014473730811
3153,0.5555555555555556,1.0,0.7142857142857143,0.9477331569400916
3154,0.8,0.42105263157894735,0.5517241379310345,0.9578736003717896
3155,0.4,0.6666666666666666,0.5,0.9700927458242443
3156,0.6,1.0,0.7499999999999999,0.9325504974395914
3157,0.6,0.3,0.4,0.9124253078514762
3158,0.8,0.2,0.32000000000000006,0.9588956692051315
3159,0.3,0.25,0.2727272727272727,0.9433451132486834
316,0.5,0.7142857142857143,0.588235294117647,0.9603049068612064
3160,0.4,1.0,0.5714285714285715,0.9228165722431001
3161,0.5,0.625,0.5555555555555556,0.932303127446992
3162,0.5,0.625,0.5555555555555556,0.9117711223916408
3163,0.9,0.06976744186046512,0.12949640287769784,0.9668470839830546
3164,0.8333333333333334,1.0,0.9090909090909091,0.9620260851078251
3165,0.6666666666666666,1.0,0.8,0.9631210579941043
3166,0.625,1.0,0.7692307692307693,0.8836361032605028
3167,0.8,0.36363636363636365,0.5000000000000001,0.9820012349491912
3168,0.16666666666666666,1.0,0.2857142857142857,0.9506077705472993
3169,0.8,0.5714285714285714,0.6666666666666666,0.9999999999999999
317,0.8,1.0,0.888888888888889,1.0
3170,0.6,0.6666666666666666,0.631578947368421,0.8892108150521206
3171,0.3,0.3333333333333333,0.3157894736842105,0.9401045905696985
3172,0.7,0.7,0.7,0.9864809465420508
3173,0.4,0.4444444444444444,0.4210526315789474,0.9597388261947055
3174,0.7,0.5384615384615384,0.608695652173913,0.949466763474593
3175,0.2,0.5,0.28571428571428575,0.950447586923794
3176,0.6,1.0,0.7499999999999999,0.9999999999999999
3177,0.5,0.8333333333333334,0.625,0.9743714747496639
3178,0.9,0.3103448275862069,0.4615384615384615,0.9237931168964512
3179,0.6,1.0,0.7499999999999999,0.9341136721179424
318,0.6,1.0,0.7499999999999999,0.8410483663545963
3180,1.0,0.15873015873015872,0.27397260273972607,0.9685897396377549
3181,0.6,1.0,0.7499999999999999,0.9965548405894005
3182,0.8,0.13559322033898305,0.23188405797101452,0.9578736003717896
3183,0.5,0.45454545454545453,0.47619047619047616,0.9370557694202044
3184,0.7,0.7,0.7,0.969633518759356
3185,0.7,0.6363636363636364,0.6666666666666666,0.9901749242008014
3186,0.625,1.0,0.7692307692307693,0.8979316980700558
3187,0.6666666666666666,1.0,0.8,0.9999999999999999
3188,0.6,1.0,0.7499999999999999,0.9315590555090092
3189,0.8,0.19047619047619047,0.3076923076923077,0.9802305037073572
319,1.0,0.17543859649122806,0.29850746268656714,0.9551391187363665
3190,0.375,1.0,0.5454545454545454,0.9699581435117276
3191,0.7,0.19444444444444445,0.30434782608695654,0.9947321263303267
3192,0.7,0.4375,0.5384615384615384,0.9900119826614159
3193,0.7,0.4117647058823529,0.5185185185185185,0.9728321946775622
3194,0.5714285714285714,1.0,0.7272727272727273,0.9582053945301783
3195,0.7,0.5,0.5833333333333334,0.9789451056218836
3196,0.3,0.15,0.2,0.8783114719615557
3197,0.5,0.38461538461538464,0.4347826086956522,0.9106414532714434
3198,0.5,0.7142857142857143,0.588235294117647,0.9464914922259577
3199,0.9,0.6428571428571429,0.75,0.9643904239517789
32,0.5,1.0,0.6666666666666666,0.9067534721148164
320,0.4,1.0,0.5714285714285715,0.993980212227012
3200,0.5,0.29411764705882354,0.37037037037037035,0.95207413239851
3201,1.0,0.3448275862068966,0.5128205128205129,0.9999999999999997
3202,0.5,0.38461538461538464,0.4347826086956522,0.8854465801853114
3203,0.7,0.4666666666666667,0.56,0.9574327349973999
3204,0.7,1.0,0.8235294117647058,0.969633518759356
3205,0.8,0.22857142857142856,0.3555555555555555,0.9481606115531339
3206,0.5,0.5555555555555556,0.5263157894736842,0.947645006688837
3207,0.5,0.5555555555555556,0.5263157894736842,0.9692118707104808
3208,0.9,0.3,0.45000000000000007,0.9656340243729868
3209,0.5,0.25,0.3333333333333333,0.8087687356334682
321,0.8,0.38095238095238093,0.5161290322580645,0.9020463736190075
3210,0.8,0.42105263157894735,0.5517241379310345,0.9723705493124036
3211,0.6,0.6666666666666666,0.631578947368421,0.9410332940681292
3212,0.5,1.0,0.6666666666666666,0.9872937350524017
3213,0.9,0.5,0.6428571428571429,0.938532686481868
3214,0.5,1.0,0.6666666666666666,0.9340119514728604
3215,0.625,1.0,0.7692307692307693,0.8678513648033935
3216,0.9,0.2727272727272727,0.41860465116279066,0.9278677753909756
3217,0.6,0.14285714285714285,0.23076923076923073,0.9388744241681055
3218,0.2,0.5,0.28571428571428575,0.9942741764392349
3219,0.6,0.35294117647058826,0.4444444444444445,0.8977335778608309
322,0.75,1.0,0.8571428571428571,0.9627820665506103
3220,0.8,0.7272727272727273,0.761904761904762,0.9552398675935881
3221,0.6666666666666666,1.0,0.8,0.9505305730721595
3222,0.75,1.0,0.8571428571428571,0.9440018491410851
3223,0.6,0.75,0.6666666666666665,0.9194928801892527
3224,1.0,0.06896551724137931,0.12903225806451613,0.9700927458242443
3225,0.8,1.0,0.888888888888889,0.9011609575447582
3226,0.5,0.45454545454545453,0.47619047619047616,0.9729375088020854
3227,1.0,0.2564102564102564,0.4081632653061224,0.9820012349491912
3228,0.6,0.4,0.48,0.987649132519537
3229,1.0,0.45454545454545453,0.625,0.9615572121244959
323,0.6,0.4,0.48,0.9033793997052886
3230,0.5,0.35714285714285715,0.41666666666666663,0.9472961814123807
3231,0.6,0.42857142857142855,0.5,0.9772781273305496
3232,0.8,0.8888888888888888,0.8421052631578948,0.949791787181852
3233,0.8,0.34782608695652173,0.48484848484848486,0.9511983710138439
3234,0.6,1.0,0.7499999999999999,0.9725276240747033
3235,0.375,1.0,0.5454545454545454,0.9173663685304081
3236,0.75,1.0,0.8571428571428571,0.8620514607253219
3237,0.7,0.5833333333333334,0.6363636363636365,0.8839151779912803
3238,0.8571428571428571,1.0,0.923076923076923,0.9878227885220325
3239,0.6,0.8571428571428571,0.7058823529411764,0.87251789786739
324,0.8,0.8,0.8000000000000002,0.8233985946344035
3240,0.5,0.4166666666666667,0.45454545454545453,0.9704643421747302
3241,0.7,0.875,0.7777777777777777,0.9529987736872066
3242,0.7,0.3333333333333333,0.45161290322580644,0.8906991842969583
3243,0.9,0.2727272727272727,0.41860465116279066,0.9655471885082402
3244,0.2,1.0,0.33333333333333337,0.9599115385551773
3245,0.6,0.75,0.6666666666666665,0.866027773715055
3246,0.9,0.4090909090909091,0.5625000000000001,0.9611499012727941
3247,0.3333333333333333,1.0,0.5,0.9348230231970546
3248,0.7,0.5833333333333334,0.6363636363636365,0.9486490628870407
3249,0.5,0.625,0.5555555555555556,0.8909515629937436
325,0.5555555555555556,1.0,0.7142857142857143,0.93459251062962
3250,0.2,0.25,0.22222222222222224,0.884275798085393
3251,0.7,0.7777777777777778,0.7368421052631577,0.9589171891171091
3252,0.7142857142857143,1.0,0.8333333333333333,0.9837798850788992
3253,0.9,0.3333333333333333,0.48648648648648646,0.950447586923794
3254,0.6,1.0,0.7499999999999999,0.9345098280438684
3255,0.5555555555555556,1.0,0.7142857142857143,0.9481392045226708
3256,0.6,0.8571428571428571,0.7058823529411764,0.9310708757001838
3257,0.6,0.75,0.6666666666666665,0.9230908260416036
3258,0.625,1.0,0.7692307692307693,0.9580739774409464
3259,1.0,0.17543859649122806,0.29850746268656714,0.9743714747496639
326,0.5,0.18518518518518517,0.2702702702702703,0.9312861362432425
3260,0.6,0.42857142857142855,0.5,0.9538404584909105
3261,0.8,0.17777777777777778,0.2909090909090909,0.9588956692051315
3262,0.6,0.6,0.6,0.9715323816178844
3263,0.4,0.4,0.4000000000000001,0.9555198648517106
3264,0.5,1.0,0.6666666666666666,0.9136132469195317
3265,0.9,0.14754098360655737,0.2535211267605634,0.8862484921307703
3266,0.6,0.3,0.4,0.9775543050545107
3267,0.5,0.625,0.5555555555555556,0.9743714747496639
3268,0.8,0.8888888888888888,0.8421052631578948,0.9166174510262489
3269,0.7,0.5384615384615384,0.608695652173913,0.9447732198804432
327,0.8,0.2857142857142857,0.4210526315789473,0.9314288747212014
3270,0.7,0.4117647058823529,0.5185185185185185,0.9237405224186584
3271,0.5,0.11904761904761904,0.1923076923076923,0.9211432612089262
3272,0.9,0.07086614173228346,0.13138686131386862,0.9821952119758895
3273,0.5,1.0,0.6666666666666666,0.9360305320738762
3274,0.6,0.3,0.4,0.9915691608439595
3275,0.4,1.0,0.5714285714285715,0.902843882857362
3276,0.5,1.0,0.6666666666666666,0.8614764923056552
3277,0.9,0.42857142857142855,0.5806451612903225,0.987367398059121
3278,0.5,1.0,0.6666666666666666,0.9258288571026198
3279,0.6,0.6,0.6,0.9610944734779866
328,0.6,0.75,0.6666666666666665,0.8557364595111783
3280,0.9,0.12162162162162163,0.2142857142857143,0.9267014351310369
3281,0.9,0.34615384615384615,0.5,0.9603049068612064
3282,0.8,1.0,0.888888888888889,0.9999999999999999
3283,1.0,0.3125,0.47619047619047616,0.9700927458242443
3284,0.7777777777777778,1.0,0.8750000000000001,0.9817050386328884
3285,1.0,0.14492753623188406,0.25316455696202533,0.9615572121244959
3286,0.5,1.0,0.6666666666666666,0.9793986804306358
3287,0.6,1.0,0.7499999999999999,0.9566893647990653
3288,0.5,1.0,0.6666666666666666,1.0
3289,1.0,0.9090909090909091,0.9523809523809523,0.9615572121244959
329,0.6,0.061224489795918366,0.1111111111111111,0.8370751072580058
3290,0.9,0.5,0.6428571428571429,0.971140221485929
3291,0.75,1.0,0.8571428571428571,0.9598238517065346
3292,0.5,0.08771929824561403,0.14925373134328357,0.9743714747496639
3293,0.4444444444444444,1.0,0.6153846153846153,0.90782271146764
3294,0.8,0.7272727272727273,0.761904761904762,0.9909149360685215
3295,0.7,0.7,0.7,0.9487963544538432
3296,0.5,0.625,0.5555555555555556,0.9729375088020854
3297,0.4,0.4,0.4000000000000001,0.8966531699558665
3298,0.42857142857142855,1.0,0.6,0.9769427569892637
3299,0.8,0.2,0.32000000000000006,0.9301334932552208
33,0.8,0.19047619047619047,0.3076923076923077,0.9588956692051315
330,0.5,0.8333333333333334,0.625,0.9707341605094479
3300,1.0,0.2,0.33333333333333337,0.9775543050545107
3301,0.9,0.23684210526315788,0.375,0.9834092549099822
3302,0.5,0.5,0.5,0.9282136914165467
3303,0.6,1.0,0.7499999999999999,0.8834338523310427
3304,0.6,0.35294117647058826,0.4444444444444445,0.9415980032759194
3305,0.6,0.5,0.5454545454545454,0.9512311367273428
3306,0.7,0.875,0.7777777777777777,0.9480299094514115
3307,0.6666666666666666,1.0,0.8,0.997471357899208
3308,0.8,0.0898876404494382,0.16161616161616163,0.9261943478237782
3309,0.5,0.14285714285714285,0.22222222222222224,0.8777548611904671
331,1.0,0.1282051282051282,0.22727272727272727,0.9918115394479871
3310,0.6,1.0,0.7499999999999999,0.9646777740304642
3311,0.8,0.07142857142857142,0.13114754098360656,0.9759358147117732
3312,0.4,0.07692307692307693,0.12903225806451613,0.8969916455881616
3313,0.9,0.14516129032258066,0.25,0.9247096977587043
3314,0.5,0.20833333333333334,0.29411764705882354,0.9615572121244959
3315,0.8,0.2962962962962963,0.43243243243243246,0.9005760256790291
3316,0.7777777777777778,1.0,0.8750000000000001,0.9540770387984767
3317,1.0,0.5555555555555556,0.7142857142857143,0.9551391187363665
3318,0.2,0.6666666666666666,0.30769230769230765,0.950447586923794
3319,0.3,0.3,0.3,0.9218048006062021
332,0.7,1.0,0.8235294117647058,0.9700359479842476
3320,0.8,0.13793103448275862,0.2352941176470588,0.9565738043150993
3321,0.8,0.6666666666666666,0.7272727272727272,0.9012448976021588
3322,0.7,1.0,0.8235294117647058,0.9800239653228319
3323,0.4,0.36363636363636365,0.380952380952381,0.9629838264427366
3324,1.0,1.0,1.0,0.9999999999999999
3325,0.6666666666666666,1.0,0.8,0.9744525847033446
3326,0.75,1.0,0.8571428571428571,0.9735932244778965
3327,0.9,0.20930232558139536,0.339622641509434,0.9937651092415973
3328,0.7,0.21875,0.3333333333333333,0.9036801949923078
3329,0.6,0.4,0.48,0.943581930714741
333,0.2,0.08695652173913043,0.12121212121212122,0.9181968759111676
3330,0.6,1.0,0.7499999999999999,0.9933353282867341
3331,0.6,0.4,0.48,0.8843035932710153
3332,0.7,0.5,0.5833333333333334,0.8649965816201679
3333,0.6,0.25,0.35294117647058826,0.9695017574258136
3334,0.5,0.7142857142857143,0.588235294117647,0.9875958230208262
3335,0.3333333333333333,1.0,0.5,0.9683126059746024
3336,1.0,0.12658227848101267,0.22471910112359553,0.9617844936390109
3337,0.3,0.6,0.4,0.9368104005576843
3338,0.625,1.0,0.7692307692307693,0.9379818713398468
3339,0.9,0.8181818181818182,0.8571428571428572,0.935194964159999
334,0.3,1.0,0.4615384615384615,0.9459770195340433
3340,0.5,0.5555555555555556,0.5263157894736842,0.9817581232348055
3341,0.9,0.47368421052631576,0.6206896551724138,0.9559515035157917
3342,0.3,0.75,0.4285714285714285,0.9497414515095693
3343,0.7,1.0,0.8235294117647058,0.9810390867188795
3344,0.8,1.0,0.888888888888889,0.9820012349491912
3345,0.5,0.4166666666666667,0.45454545454545453,0.9288495173272048
3346,0.8,0.27586206896551724,0.4102564102564103,0.9192703702514405
3347,0.5555555555555556,1.0,0.7142857142857143,0.9840885030864522
3348,0.9,1.0,0.9473684210526316,0.9897313383008353
3349,0.7,0.4117647058823529,0.5185185185185185,0.9629838264427366
335,0.7,0.5384615384615384,0.608695652173913,0.9118878420989852
3350,0.8,1.0,0.888888888888889,0.9605431806903137
3351,0.6666666666666666,1.0,0.8,0.9659230729796436
3352,0.6,0.5,0.5454545454545454,0.8847343896656142
3353,1.0,0.2857142857142857,0.4444444444444445,0.9800239653228319
3354,0.2857142857142857,1.0,0.4444444444444445,0.9834996666951519
3355,0.42857142857142855,1.0,0.6,0.9148552626696912
3356,0.6,0.24,0.34285714285714286,0.9775543050545107
3357,0.4,1.0,0.5714285714285715,0.9680555702849517
3358,0.8,0.21621621621621623,0.3404255319148936,0.9684026213471075
3359,0.7,0.7777777777777778,0.7368421052631577,0.948241510592548
336,0.9,0.5625,0.6923076923076923,0.9918115394479871
3360,0.7,1.0,0.8235294117647058,0.9542407963750834
3361,1.0,0.43478260869565216,0.6060606060606061,0.9850463729121222
3362,0.4,0.5714285714285714,0.47058823529411764,0.9368368498530433
3363,0.6,0.23076923076923078,0.33333333333333337,0.9046272903660788
3364,0.8,0.6666666666666666,0.7272727272727272,0.9657144373606007
3365,0.9,0.2727272727272727,0.41860465116279066,0.9918115394479871
3366,0.6666666666666666,1.0,0.8,0.8636247084649441
3367,0.3,0.0967741935483871,0.14634146341463414,0.9459770195340433
3368,0.4,0.4,0.4000000000000001,0.9204194414968582
3369,0.42857142857142855,1.0,0.6,0.9769427569892637
337,0.8,0.38095238095238093,0.5161290322580645,0.9588956692051315
3370,0.8,0.4444444444444444,0.5714285714285714,0.9816412949009021
3371,0.8,0.17391304347826086,0.2857142857142857,0.9789368001858949
3372,0.8571428571428571,1.0,0.923076923076923,0.9075431497730524
3373,0.7142857142857143,1.0,0.8333333333333333,0.9674957906187627
3374,0.4,0.3076923076923077,0.34782608695652173,0.9779078222744558
3375,0.16666666666666666,1.0,0.2857142857142857,0.9620873879290356
3376,0.5,1.0,0.6666666666666666,1.0
3377,1.0,0.37037037037037035,0.5405405405405406,0.9639846796893623
3378,1.0,0.3333333333333333,0.5,0.9850463729121222
3379,0.625,1.0,0.7692307692307693,0.9331033557846704
338,0.8,0.18604651162790697,0.3018867924528302,0.9120121194838798
3380,0.7,0.15555555555555556,0.2545454545454545,0.9430505725725972
3381,0.5,1.0,0.6666666666666666,0.9439076406409447
3382,0.4,1.0,0.5714285714285715,0.8983079705259855
3383,0.7,0.875,0.7777777777777777,0.9312906635502954
3384,0.9,0.6,0.7200000000000001,0.938532686481868
3385,0.625,1.0,0.7692307692307693,0.9414155318778059
3386,0.8,0.4,0.5333333333333333,0.9410422906067071
3387,0.9,0.47368421052631576,0.6206896551724138,0.9618475628859036
3388,0.4,1.0,0.5714285714285715,0.9439411584139565
3389,1.0,0.1388888888888889,0.24390243902439027,0.9410422906067071
339,0.1,0.16666666666666666,0.125,0.9623548488793522
3390,0.4,0.2857142857142857,0.3333333333333333,0.9700927458242443
3391,1.0,0.06666666666666667,0.125,0.9999999999999997
3392,0.5,1.0,0.6666666666666666,0.9379608436813015
3393,0.9,0.375,0.5294117647058825,0.9911554430582546
3394,1.0,0.21739130434782608,0.3571428571428571,0.9800239653228319
3395,0.8,0.8,0.8000000000000002,0.8960765269670125
3396,0.4,1.0,0.5714285714285715,0.9611059281538614
3397,0.8333333333333334,1.0,0.9090909090909091,0.9577696524718432
3398,0.6,1.0,0.7499999999999999,0.9479942189540596
3399,0.7,0.35,0.4666666666666667,0.9220336670788974
34,0.8,0.42105263157894735,0.5517241379310345,0.943856739573407
340,0.2,0.2857142857142857,0.23529411764705882,0.8493477375897638
3400,0.7,0.3684210526315789,0.48275862068965514,0.9900119826614159
3401,1.0,0.15625,0.2702702702702703,0.9683809492124369
3402,0.7,0.14893617021276595,0.24561403508771928,0.9820207352931372
3403,0.6,0.375,0.4615384615384615,0.9861604423416318
3404,0.3333333333333333,1.0,0.5,0.9106624469197625
3405,0.5555555555555556,1.0,0.7142857142857143,0.9439775475550496
3406,0.6666666666666666,1.0,0.8,0.8876916473752533
3407,0.25,1.0,0.4,0.9854348125171103
3408,1.0,0.5555555555555556,0.7142857142857143,0.9800239653228319
3409,0.4444444444444444,1.0,0.6153846153846153,0.9826196235031035
341,0.75,1.0,0.8571428571428571,0.9531864256429867
3410,0.8,0.11267605633802817,0.19753086419753088,0.9537720087331311
3411,0.9,0.23076923076923078,0.3673469387755102,0.9232431953795731
3412,0.6,0.3157894736842105,0.41379310344827586,0.966331457581766
3413,0.6,0.46153846153846156,0.5217391304347826,0.9775543050545107
3414,0.9,0.36,0.5142857142857143,0.9918115394479871
3415,1.0,0.3448275862068966,0.5128205128205129,0.9544173319713032
3416,0.9,0.14516129032258066,0.25,0.9723705493124036
3417,0.8,0.6666666666666666,0.7272727272727272,0.9820012349491912
3418,0.7,0.2916666666666667,0.4117647058823529,0.9367700725628479
3419,0.8,0.47058823529411764,0.5925925925925927,0.954361353229888
342,0.6,0.42857142857142855,0.5,0.9609261508480853
3420,0.8,0.34782608695652173,0.48484848484848486,0.9723705493124036
3421,0.6,1.0,0.7499999999999999,0.9554517412238143
3422,0.9,0.25,0.391304347826087,0.9759901768081851
3423,1.0,0.21739130434782608,0.3571428571428571,0.966331457581766
3424,0.4,0.8,0.5333333333333333,0.9681815650315259
3425,1.0,0.17857142857142858,0.30303030303030304,0.9820012349491912
3426,0.7,0.5384615384615384,0.608695652173913,0.9603086781685363
3427,0.5,1.0,0.6666666666666666,0.9769655197741361
3428,0.6,0.3157894736842105,0.41379310344827586,0.9775923785719159
3429,0.5714285714285714,1.0,0.7272727272727273,0.899199898150551
343,0.5,0.21739130434782608,0.30303030303030304,0.9028792002603327
3430,1.0,0.20833333333333334,0.3448275862068966,0.9772086659856518
3431,0.8,0.8,0.8000000000000002,0.9500955562341219
3432,0.6,0.42857142857142855,0.5,0.9202348411654865
3433,0.7,0.875,0.7777777777777777,0.9407099766652353
3434,0.7,0.4117647058823529,0.5185185185185185,0.9107466878639884
3435,0.6,0.3333333333333333,0.42857142857142855,0.9326936015933845
3436,1.0,0.38461538461538464,0.5555555555555556,0.9850463729121222
3437,0.4,1.0,0.5714285714285715,0.9551391187363665
3438,0.5,0.625,0.5555555555555556,0.9659762049122699
3439,0.7,0.5833333333333334,0.6363636363636365,0.9660047677347895
344,0.9,0.6923076923076923,0.7826086956521738,0.9850315269598376
3440,0.3333333333333333,1.0,0.5,0.9366252119492048
3441,0.8,0.2222222222222222,0.3478260869565218,0.9378234682870475
3442,0.8,0.34782608695652173,0.48484848484848486,0.91874855455584
3443,0.6,1.0,0.7499999999999999,0.9927632582514461
3444,0.6,0.5454545454545454,0.5714285714285713,0.870008670571098
3445,1.0,0.5,0.6666666666666666,0.9615572121244959
3446,0.75,1.0,0.8571428571428571,0.9763184011256258
3447,0.9,0.9,0.9,0.9642472930334256
3448,0.6666666666666666,1.0,0.8,0.8772689038303773
3449,0.0,0.0,0.0,1.0
345,0.6,1.0,0.7499999999999999,0.9566893647990653
3450,0.8,0.36363636363636365,0.5000000000000001,0.9929536609842774
3451,0.3,0.6,0.4,0.9316785894190592
3452,0.7,0.7,0.7,0.9900119826614159
3453,0.6,0.24,0.34285714285714286,0.9159591101479264
3454,0.7,0.21212121212121213,0.3255813953488372,0.9369547123619484
3455,0.8,1.0,0.888888888888889,0.9378684116355183
3456,0.9,0.9,0.9,0.9834092549099822
3457,0.6,0.5454545454545454,0.5714285714285713,0.9410092921090397
3458,0.9,0.391304347826087,0.5454545454545454,0.9681630521033681
3459,0.6666666666666666,1.0,0.8,0.9384025806381457
346,1.0,0.29411764705882354,0.45454545454545453,0.9999999999999997
3460,0.9,0.8181818181818182,0.8571428571428572,0.9918115394479871
3461,0.75,1.0,0.8571428571428571,0.988159200562813
3462,0.6,0.1111111111111111,0.18750000000000003,0.8544918356446378
3463,0.625,1.0,0.7692307692307693,0.9357899664786586
3464,0.7,0.16666666666666666,0.2692307692307692,0.9266602667278535
3465,0.9,1.0,0.9473684210526316,0.9623548488793522
3466,0.625,1.0,0.7692307692307693,0.897757640948646
3467,0.7,0.875,0.7777777777777777,0.9157804224875344
3468,0.8,0.6666666666666666,0.7272727272727272,0.9715542107325422
3469,1.0,0.15625,0.2702702702702703,0.966331457581766
347,0.8,0.5714285714285714,0.6666666666666666,0.9227935397593018
3470,0.6,0.6,0.6,0.9261002729006335
3471,0.9,0.16666666666666666,0.28125,0.9828170121864932
3472,0.5,1.0,0.6666666666666666,0.957287929429448
3473,0.9,0.4090909090909091,0.5625000000000001,0.9603049068612064
3474,0.9,0.36,0.5142857142857143,0.9918115394479871
3475,0.7,0.14583333333333334,0.2413793103448276,0.9354041232267889
3476,1.0,0.136986301369863,0.24096385542168672,0.9918115394479871
3477,0.6,0.6,0.6,0.9887771525272553
3478,0.4,0.6666666666666666,0.5,0.9507426977552212
3479,0.6,0.75,0.6666666666666665,0.8806966110810965
348,0.9,0.6923076923076923,0.7826086956521738,0.95329412838341
3480,0.7,1.0,0.8235294117647058,0.863117372730116
3481,1.0,0.47619047619047616,0.6451612903225806,0.9639846796893623
3482,0.8,0.6666666666666666,0.7272727272727272,0.9472706608899315
3483,1.0,0.11235955056179775,0.20202020202020202,0.9887771525272553
3484,0.6,0.4,0.48,0.9124253078514762
3485,0.5,1.0,0.6666666666666666,0.9594107338493395
3486,0.3,0.42857142857142855,0.3529411764705882,0.9611499012727941
3487,0.8,0.2857142857142857,0.4210526315789473,0.9531927271480968
3488,0.4,1.0,0.5714285714285715,0.9228165722431001
3489,0.5,0.5555555555555556,0.5263157894736842,0.8282550922094346
349,0.9,0.4090909090909091,0.5625000000000001,0.9643904239517789
3490,0.8,0.21621621621621623,0.3404255319148936,0.9366823046670874
3491,0.9,0.09183673469387756,0.16666666666666669,0.9554378704018736
3492,0.3,0.75,0.4285714285714285,0.961396769879651
3493,0.5,0.29411764705882354,0.37037037037037035,0.9454757814968716
3494,0.5714285714285714,1.0,0.7272727272727273,0.9546475359074694
3495,0.6,1.0,0.7499999999999999,0.9484473579754306
3496,0.4,1.0,0.5714285714285715,0.9073969355535362
3497,0.4,0.5,0.4444444444444445,0.9274644048653875
3498,0.7,0.5,0.5833333333333334,0.9430505725725972
3499,0.8,0.16666666666666666,0.27586206896551724,0.9538404584909105
35,0.8,0.34782608695652173,0.48484848484848486,0.9410422906067071
350,0.7,0.7777777777777778,0.7368421052631577,0.9506123600355557
3500,0.5,0.8333333333333334,0.625,0.9155045453177326
3501,0.6,0.3333333333333333,0.42857142857142855,0.966331457581766
3502,0.7142857142857143,1.0,0.8333333333333333,0.9701337876602927
3503,1.0,0.14705882352941177,0.25641025641025644,0.9800239653228319
3504,0.5,0.19230769230769232,0.2777777777777778,0.8939130226350782
3505,0.8,0.5714285714285714,0.6666666666666666,0.9732457461129788
3506,0.8,1.0,0.888888888888889,0.9999999999999999
3507,1.0,0.09259259259259259,0.1694915254237288,0.9743714747496639
3508,0.375,1.0,0.5454545454545454,0.9461628341460012
3509,0.5,0.15151515151515152,0.23255813953488375,0.9445560474641551
351,0.7,0.5,0.5833333333333334,0.9062989451326559
3510,0.5,0.7142857142857143,0.588235294117647,0.9231917681425181
3511,0.9,0.3333333333333333,0.48648648648648646,0.938532686481868
3512,1.0,0.19607843137254902,0.3278688524590164,0.9743714747496639
3513,0.9,0.3103448275862069,0.4615384615384615,0.9621021941773628
3514,0.7,0.7777777777777778,0.7368421052631577,0.969633518759356
3515,0.4,0.4444444444444444,0.4210526315789474,0.9248185110573911
3516,0.5,0.38461538461538464,0.4347826086956522,0.9503433317361799
3517,0.7,0.3888888888888889,0.5,0.9292717718628042
3518,0.8,0.11940298507462686,0.20779220779220778,0.9387267953867444
3519,0.9,0.0989010989010989,0.1782178217821782,0.9391451627353038
352,0.7,0.06930693069306931,0.12612612612612611,0.9472961814123807
3520,0.8,0.21052631578947367,0.3333333333333333,0.9192703702514405
3521,0.8,0.1568627450980392,0.2622950819672131,0.9769202292454552
3522,0.6,0.8571428571428571,0.7058823529411764,0.966285495523981
3523,0.5,1.0,0.6666666666666666,0.9034231542147283
3524,1.0,0.5,0.6666666666666666,0.9850463729121222
3525,0.7,0.5384615384615384,0.608695652173913,0.9832474946282306
3526,0.8,0.07017543859649122,0.12903225806451613,0.9563721688599022
3527,0.875,1.0,0.9333333333333333,0.8588891795222917
3528,0.8,0.7272727272727273,0.761904761904762,0.8920421848965382
3529,0.2,0.2,0.20000000000000004,0.9583116353765486
353,0.4,1.0,0.5714285714285715,0.9731455036998373
3530,0.5,1.0,0.6666666666666666,0.8963406850810482
3531,0.7,0.5833333333333334,0.6363636363636365,0.9434299082704013
3532,0.9,0.5,0.6428571428571429,0.9814610844297572
3533,0.7,0.7777777777777778,0.7368421052631577,0.9989962289230763
3534,0.6,0.8571428571428571,0.7058823529411764,0.9520101608220766
3535,0.6666666666666666,1.0,0.8,0.9156872945311189
3536,0.7,0.35,0.4666666666666667,0.9603115941588097
3537,0.4,1.0,0.5714285714285715,0.8619569712983276
3538,0.9,0.42857142857142855,0.5806451612903225,0.9991087461569514
3539,1.0,0.06329113924050633,0.11904761904761907,0.9910006174745954
354,0.7,0.875,0.7777777777777777,0.9300334618227424
3540,0.6,0.4,0.48,0.9752982650390741
3541,0.5714285714285714,1.0,0.7272727272727273,0.9298258991637024
3542,0.4,1.0,0.5714285714285715,0.76084443694989
3543,0.6,0.5454545454545454,0.5714285714285713,0.9459483834831129
3544,0.5,1.0,0.6666666666666666,0.9584269942167954
3545,0.8333333333333334,1.0,0.9090909090909091,0.84541368392051
3546,0.8,0.23529411764705882,0.3636363636363636,0.9538250859867871
3547,0.7,0.16666666666666666,0.2692307692307692,0.9617518480770544
3548,0.5,1.0,0.6666666666666666,0.7822817259780457
3549,0.5,1.0,0.6666666666666666,0.9147821515773232
355,0.9,0.16666666666666666,0.28125,0.9476723049203274
3550,0.8,0.18604651162790697,0.3018867924528302,0.9235386336530262
3551,0.7,0.7,0.7,0.9317108427529786
3552,0.75,1.0,0.8571428571428571,0.9999999999999999
3553,0.6,1.0,0.7499999999999999,0.9391862511446958
3554,0.5714285714285714,1.0,0.7272727272727273,0.9257934699199317
3555,0.3,0.3,0.3,0.9389911601744882
3556,0.4,0.2857142857142857,0.3333333333333333,0.9178580551571747
3557,0.7,0.1346153846153846,0.22580645161290322,0.9625299586966592
3558,0.6,0.17647058823529413,0.2727272727272727,0.9848425688694689
3559,0.7,0.7,0.7,0.9900411731660106
356,0.6,1.0,0.7499999999999999,0.9783446823995325
3560,1.0,0.5555555555555556,0.7142857142857143,0.9999999999999997
3561,0.8,0.2,0.32000000000000006,0.9355621525420367
3562,0.8,0.12121212121212122,0.2105263157894737,0.9227935397593018
3563,0.8,0.27586206896551724,0.4102564102564103,0.9657144373606007
3564,0.7,0.5,0.5833333333333334,0.9235036961541088
3565,0.6,0.5454545454545454,0.5714285714285713,0.9555655937395193
3566,0.5714285714285714,1.0,0.7272727272727273,0.9445315154223218
3567,0.7,0.875,0.7777777777777777,0.9290083960883319
3568,0.8,1.0,0.888888888888889,0.9910006174745954
3569,0.9,0.17647058823529413,0.2950819672131148,0.9301512405132609
357,0.8,0.8888888888888888,0.8421052631578948,0.9472616774842649
3570,0.6,1.0,0.7499999999999999,0.8530125165782406
3571,0.9,0.6,0.7200000000000001,0.9378498954174695
3572,0.8,0.7272727272727273,0.761904761904762,0.9910006174745954
3573,0.625,1.0,0.7692307692307693,0.8429860818194359
3574,0.7,0.3181818181818182,0.4375,0.9196420593208217
3575,0.625,1.0,0.7692307692307693,0.9250588422465549
3576,0.4,0.09090909090909091,0.14814814814814814,0.9369867055909784
3577,0.4,0.5714285714285714,0.47058823529411764,0.908353970312491
3578,0.6,0.2222222222222222,0.32432432432432434,0.9321579407715203
3579,0.5,0.29411764705882354,0.37037037037037035,0.9472903015228266
358,0.7,0.875,0.7777777777777777,0.949466763474593
3580,0.7,0.7,0.7,0.9368353168656508
3581,0.5714285714285714,1.0,0.7272727272727273,0.8965551186635933
3582,0.9,0.6,0.7200000000000001,0.9637528209135479
3583,0.5,1.0,0.6666666666666666,0.9928186312691835
3584,0.4,0.8,0.5333333333333333,0.91244159219276
3585,0.8,0.24242424242424243,0.372093023255814,0.9828572186803003
3586,0.6,0.2857142857142857,0.3870967741935483,0.9513486857231935
3587,0.6666666666666666,1.0,0.8,0.9654324046120225
3588,0.4,0.21052631578947367,0.27586206896551724,0.9221662383203305
3589,0.7,0.109375,0.18918918918918917,0.9608529008742954
359,0.6,1.0,0.7499999999999999,0.9747074825318788
3590,0.5,0.1282051282051282,0.2040816326530612,0.987185737374832
3591,0.8,0.3076923076923077,0.4444444444444444,0.9789368001858949
3592,0.4,0.10810810810810811,0.1702127659574468,0.8833451292838159
3593,0.5,0.625,0.5555555555555556,0.9353835490795331
3594,0.4,0.23529411764705882,0.29629629629629634,0.9827174910310684
3595,0.7142857142857143,1.0,0.8333333333333333,0.8992202933194184
3596,0.9,0.42857142857142855,0.5806451612903225,0.9918115394479871
3597,0.5,0.8333333333333334,0.625,0.987185737374832
3598,1.0,0.7692307692307693,0.8695652173913044,1.0
3599,0.5,0.38461538461538464,0.4347826086956522,0.9566137740169987
36,0.7,0.2413793103448276,0.358974358974359,0.9700359479842476
360,0.6,0.6,0.6,0.9715323816178844
3600,0.9,0.16981132075471697,0.2857142857142857,0.9666193393289652
3601,0.7,0.5833333333333334,0.6363636363636365,0.9800239653228319
3602,0.7,0.6363636363636364,0.6666666666666666,0.9235689872780217
3603,0.9,0.1875,0.31034482758620696,0.9311575625038643
3604,0.5,1.0,0.6666666666666666,0.9584269942167954
3605,0.9,0.5625,0.6923076923076923,0.9983116344600507
3606,0.5714285714285714,1.0,0.7272727272727273,0.9817006391150153
3607,1.0,0.3448275862068966,0.5128205128205129,0.9910006174745954
3608,0.7,0.5384615384615384,0.608695652173913,0.9235036961541088
3609,0.5,0.4166666666666667,0.45454545454545453,0.9469347370479845
361,0.5,1.0,0.6666666666666666,0.9326535996523021
3610,0.9,0.14285714285714285,0.24657534246575338,0.9633680027459177
3611,0.6,0.3157894736842105,0.41379310344827586,0.9765981605138886
3612,1.0,0.3448275862068966,0.5128205128205129,0.9683809492124369
3613,0.8,0.8888888888888888,0.8421052631578948,0.9157472007435791
3614,0.8,0.4444444444444444,0.5714285714285714,0.961396769879651
3615,0.9,0.391304347826087,0.5454545454545454,0.9611499012727941
3616,0.8,1.0,0.888888888888889,0.977772496389062
3617,0.4,1.0,0.5714285714285715,0.9829277106882447
3618,0.1,0.023255813953488372,0.03773584905660377,0.9917898366027347
3619,0.5,0.35714285714285715,0.41666666666666663,0.9671369884974029
362,0.6,0.8571428571428571,0.7058823529411764,0.8866097799649572
3620,0.5,0.15625,0.23809523809523808,0.8510250818335078
3621,0.7,0.22580645161290322,0.3414634146341463,0.9652320325164023
3622,0.6,0.42857142857142855,0.5,0.9531963210277772
3623,0.6,1.0,0.7499999999999999,1.0
3624,0.7,0.2692307692307692,0.3888888888888889,0.9700359479842476
3625,0.7,0.4117647058823529,0.5185185185185185,0.9551651250095562
3626,0.9,0.0967741935483871,0.17475728155339806,0.9465856359276682
3627,0.75,1.0,0.8571428571428571,0.8349786531919098
3628,0.8571428571428571,1.0,0.923076923076923,0.9478097071692676
3629,0.7,0.7777777777777778,0.7368421052631577,0.8977380268778987
363,0.5555555555555556,1.0,0.7142857142857143,0.9027359773753595
3630,0.7,0.5384615384615384,0.608695652173913,0.9384615782349645
3631,0.75,1.0,0.8571428571428571,0.9570837464123526
3632,0.6666666666666666,1.0,0.8,0.9541665384026335
3633,0.75,1.0,0.8571428571428571,0.9531864256429867
3634,0.6,1.0,0.7499999999999999,0.9519328500264026
3635,0.9,0.391304347826087,0.5454545454545454,0.9655471885082402
3636,0.8,1.0,0.888888888888889,0.9284654921859037
3637,0.7,0.7777777777777778,0.7368421052631577,0.8982817286128136
3638,0.7,0.7777777777777778,0.7368421052631577,0.9987758272989412
3639,0.9,0.6923076923076923,0.7826086956521738,0.9267082332787759
364,0.6666666666666666,1.0,0.8,0.9059666754808026
3640,0.5,1.0,0.6666666666666666,0.9603049068612064
3641,0.8,0.12903225806451613,0.2222222222222222,0.8832822503982154
3642,0.4,1.0,0.5714285714285715,0.9532896816303675
3643,0.7,0.4117647058823529,0.5185185185185185,0.9715252862862984
3644,0.5555555555555556,1.0,0.7142857142857143,0.9183100489426497
3645,0.8,0.7272727272727273,0.761904761904762,0.9195395233473876
3646,0.8,0.5714285714285714,0.6666666666666666,0.9815080985466357
3647,0.7142857142857143,1.0,0.8333333333333333,0.9823320248902263
3648,0.8,0.1,0.1777777777777778,0.9384590918675769
3649,0.4,1.0,0.5714285714285715,0.9680555702849517
365,0.6,1.0,0.7499999999999999,0.8840450918935306
3650,0.8,0.09195402298850575,0.16494845360824742,0.9192703702514405
3651,1.0,0.23809523809523808,0.3846153846153846,0.9910006174745954
3652,0.7,0.23333333333333334,0.35,0.9220120276697156
3653,0.4,0.3333333333333333,0.3636363636363636,0.9257258974046191
3654,0.6,0.21428571428571427,0.3157894736842105,0.9713681918963274
3655,0.42857142857142855,1.0,0.6,0.9570067224529005
3656,0.3,0.42857142857142855,0.3529411764705882,0.9905507049185945
3657,0.375,1.0,0.5454545454545454,0.9362861221438674
3658,0.5,0.25,0.3333333333333333,0.9145758588588956
3659,0.9,0.6923076923076923,0.7826086956521738,0.9918115394479871
366,0.7,0.3181818181818182,0.4375,0.9800239653228319
3660,0.7,0.875,0.7777777777777777,0.918426570327381
3661,0.5,0.45454545454545453,0.47619047619047616,0.9476723049203274
3662,0.8,0.8,0.8000000000000002,0.905253509453058
3663,0.5,0.7142857142857143,0.588235294117647,0.8024294721905447
3664,0.8,0.5,0.6153846153846154,0.9481767099434105
3665,0.9,0.3103448275862069,0.4615384615384615,0.95850761954505
3666,0.6666666666666666,1.0,0.8,0.976954936408015
3667,0.7,1.0,0.8235294117647058,0.9384237919510994
3668,0.875,1.0,0.9333333333333333,0.9607560029071038
3669,0.7,0.20588235294117646,0.3181818181818182,0.9462108268669389
367,0.8333333333333334,1.0,0.9090909090909091,0.9855580601895093
3670,0.4,0.6666666666666666,0.5,0.9610479629758386
3671,0.3,0.42857142857142855,0.3529411764705882,0.9819923398446812
3672,0.6,0.2857142857142857,0.3870967741935483,0.9157613588389046
3673,0.5,0.3333333333333333,0.4,0.9487429494993278
3674,1.0,0.7142857142857143,0.8333333333333333,0.966331457581766
3675,1.0,0.12048192771084337,0.21505376344086022,0.9639846796893623
3676,0.6,0.5454545454545454,0.5714285714285713,0.9253832379146903
3677,0.6,0.35294117647058826,0.4444444444444445,0.9523608037385465
3678,0.8,0.5714285714285714,0.6666666666666666,0.9632726343550266
3679,0.8,0.15384615384615385,0.25806451612903225,0.9624599385657504
368,0.9,0.20930232558139536,0.339622641509434,0.9611499012727941
3680,0.5,1.0,0.6666666666666666,0.9430505725725972
3681,1.0,0.1111111111111111,0.19999999999999998,0.9918115394479871
3682,0.8,0.6153846153846154,0.6956521739130435,0.9820012349491912
3683,0.8,0.1568627450980392,0.2622950819672131,0.9860371969030486
3684,1.0,0.7692307692307693,0.8695652173913044,0.9999999999999997
3685,0.7,0.16279069767441862,0.2641509433962264,0.9857993056219971
3686,0.6,0.75,0.6666666666666665,0.9727048102191429
3687,0.6,0.2727272727272727,0.37499999999999994,0.88021906631191
3688,0.7,0.21875,0.3333333333333333,0.9900119826614159
3689,0.8,0.25806451612903225,0.3902439024390244,0.9269411256751345
369,0.8,0.8,0.8000000000000002,0.9591877714758855
3690,1.0,0.17857142857142858,0.30303030303030304,0.9516998652661177
3691,0.8,0.24242424242424243,0.372093023255814,0.9777062639491327
3692,0.3,0.6,0.4,0.959500357219472
3693,0.8,0.13333333333333333,0.2285714285714286,0.9578736003717896
3694,0.7,1.0,0.8235294117647058,0.9009732486852082
3695,0.8,0.18181818181818182,0.2962962962962963,0.9802305037073572
3696,0.9,0.42857142857142855,0.5806451612903225,0.9643904239517789
3697,0.8,0.42105263157894735,0.5517241379310345,0.9632726343550266
3698,0.8,0.7272727272727273,0.761904761904762,0.9180669270992442
3699,0.7,0.7777777777777778,0.7368421052631577,0.9900119826614159
37,0.8,0.8888888888888888,0.8421052631578948,0.9607907435684057
370,0.3,0.75,0.4285714285714285,0.9373870249162356
3700,0.7,0.7777777777777778,0.7368421052631577,0.9501669375771927
3701,0.6,0.5454545454545454,0.5714285714285713,0.9370991965728194
3702,0.5,1.0,0.6666666666666666,0.9676879303423567
3703,0.8,1.0,0.888888888888889,0.8961907902663556
3704,0.7,0.21875,0.3333333333333333,0.9800239653228319
3705,1.0,0.09174311926605505,0.16806722689075632,0.9772086659856518
3706,0.5,0.5555555555555556,0.5263157894736842,0.9872364438035051
3707,0.4,1.0,0.5714285714285715,0.95329412838341
3708,0.7142857142857143,1.0,0.8333333333333333,0.9392392906015941
3709,0.9,0.3103448275862069,0.4615384615384615,0.920221840832822
371,0.6,0.75,0.6666666666666665,0.9311369667160502
3710,0.6,0.75,0.6666666666666665,0.9159591101479264
3711,0.5,0.625,0.5555555555555556,0.9622560977963609
3712,1.0,0.7692307692307693,0.8695652173913044,0.9544173319713032
3713,1.0,0.1724137931034483,0.29411764705882354,0.9743714747496639
3714,0.75,1.0,0.8571428571428571,0.957667181235512
3715,0.9,0.21428571428571427,0.3461538461538461,0.9775923785719159
3716,0.9,0.16666666666666666,0.28125,0.9655471885082402
3717,0.6,0.15,0.24,0.9321579407715203
3718,0.6,0.21428571428571427,0.3157894736842105,0.9774880673472452
3719,0.625,1.0,0.7692307692307693,0.9671926204747688
372,0.9,0.36,0.5142857142857143,0.9918115394479871
3720,0.9,0.4090909090909091,0.5625000000000001,0.9554378704018736
3721,0.6,0.42857142857142855,0.5,0.9290990602036812
3722,0.2857142857142857,1.0,0.4444444444444445,0.9499002038544413
3723,0.5,1.0,0.6666666666666666,0.9508225731014479
3724,1.0,0.1388888888888889,0.24390243902439027,0.9743714747496639
3725,0.5,1.0,0.6666666666666666,0.8933126918963715
3726,0.7,0.23333333333333334,0.35,0.9542407963750834
3727,0.8,0.21621621621621623,0.3404255319148936,0.9802305037073572
3728,0.7,0.7,0.7,0.9542407963750834
3729,0.9,0.1836734693877551,0.30508474576271183,0.9531963210277772
373,0.5,1.0,0.6666666666666666,0.9866446675408873
3730,0.8333333333333334,1.0,0.9090909090909091,0.9818475880738275
3731,0.7,0.6363636363636364,0.6666666666666666,0.9310708757001838
3732,0.6,0.25,0.35294117647058826,0.9492469861605835
3733,0.8,0.5,0.6153846153846154,0.9545326511439332
3734,0.7,1.0,0.8235294117647058,0.9428430719056162
3735,1.0,0.2702702702702703,0.4255319148936171,0.9775543050545107
3736,0.6,0.6666666666666666,0.631578947368421,0.9145952561729114
3737,0.2,0.2857142857142857,0.23529411764705882,0.9730273984566121
3738,0.8571428571428571,1.0,0.923076923076923,0.9751823009272237
3739,0.8,1.0,0.888888888888889,0.977772496389062
374,0.4,0.8,0.5333333333333333,0.948783132064734
3740,0.7,1.0,0.8235294117647058,0.978567340715506
3741,0.9,0.47368421052631576,0.6206896551724138,0.9623548488793522
3742,0.9,0.5625,0.6923076923076923,0.9747347961182418
3743,0.7142857142857143,1.0,0.8333333333333333,0.9646640497804527
3744,0.5,1.0,0.6666666666666666,0.9712563610871765
3745,0.6,0.3157894736842105,0.41379310344827586,0.8695203563353808
3746,0.7,0.1590909090909091,0.25925925925925924,0.9024488017759924
3747,0.8,0.8,0.8000000000000002,0.9300992210047795
3748,0.42857142857142855,1.0,0.6,0.9538855139785273
3749,0.8,0.5714285714285714,0.6666666666666666,0.9275501511037165
375,0.8,1.0,0.888888888888889,0.8964548185049728
3750,0.5,1.0,0.6666666666666666,0.9042509533603282
3751,0.7,0.20588235294117646,0.3181818181818182,0.9617518480770544
3752,0.7,0.3181818181818182,0.4375,0.8848290162766071
3753,0.6,1.0,0.7499999999999999,0.9434633410875112
3754,0.8,0.18604651162790697,0.3018867924528302,0.9552398675935881
3755,0.5,0.625,0.5555555555555556,0.930480552055868
3756,0.9,0.15789473684210525,0.26865671641791045,0.9655471885082402
3757,0.7,0.2916666666666667,0.4117647058823529,0.990375648425603
3758,0.5,1.0,0.6666666666666666,0.9510218575743057
3759,0.8,0.47058823529411764,0.5925925925925927,0.979603305045299
376,0.7,0.5833333333333334,0.6363636363636365,0.9899037303058518
3760,0.7,0.18421052631578946,0.29166666666666663,0.9621521104910588
3761,0.4,0.4444444444444444,0.4210526315789474,1.0
3762,1.0,0.24390243902439024,0.39215686274509803,0.9747140465194212
3763,0.6,0.3157894736842105,0.41379310344827586,0.883332764044921
3764,0.5,1.0,0.6666666666666666,0.9798881187215076
3765,0.5,1.0,0.6666666666666666,0.9113022751507984
3766,0.4,0.5,0.4444444444444445,0.9808503811282637
3767,0.4444444444444444,1.0,0.6153846153846153,0.9331963059494485
3768,0.8,0.12307692307692308,0.21333333333333335,0.91874855455584
3769,0.7,0.1891891891891892,0.2978723404255319,0.9900119826614159
377,0.9,0.45,0.6,0.9603049068612064
3770,0.8,0.2222222222222222,0.3478260869565218,0.9340873152467841
3771,0.8,0.14545454545454545,0.24615384615384614,0.9710496063427122
3772,0.6,1.0,0.7499999999999999,0.9747140465194212
3773,0.4,0.11764705882352941,0.1818181818181818,0.8943523189894691
3774,0.9,0.9,0.9,0.9611499012727941
3775,0.7,0.5384615384615384,0.608695652173913,0.9090608592833511
3776,0.8888888888888888,1.0,0.9411764705882353,0.9605479452608046
3777,0.7,0.5833333333333334,0.6363636363636365,0.9120669736142011
3778,0.9,0.08108108108108109,0.1487603305785124,0.9244819628328089
3779,0.6,0.8571428571428571,0.7058823529411764,0.9622552860915233
378,0.5,1.0,0.6666666666666666,0.8642779101016492
3780,0.6,0.23076923076923078,0.33333333333333337,0.966331457581766
3781,0.3,1.0,0.4615384615384615,0.9639846796893623
3782,0.8,0.8,0.8000000000000002,0.9566180033157679
3783,0.6,1.0,0.7499999999999999,0.9883697441494087
3784,0.5555555555555556,1.0,0.7142857142857143,0.8176416189835077
3785,0.5714285714285714,1.0,0.7272727272727273,0.9015493359193653
3786,0.5,1.0,0.6666666666666666,0.987185737374832
3787,0.25,1.0,0.4,0.9573673809879384
3788,0.6,1.0,0.7499999999999999,0.942718211871455
3789,0.6,0.5454545454545454,0.5714285714285713,0.9783253689208926
379,0.7,0.875,0.7777777777777777,0.8997416414154172
3790,0.7,0.5384615384615384,0.608695652173913,0.9773721862672702
3791,0.5,0.4166666666666667,0.45454545454545453,0.9287872756293791
3792,0.8,0.08247422680412371,0.14953271028037382,0.9683411523335436
3793,0.8,0.47058823529411764,0.5925925925925927,0.9224237012284578
3794,0.6666666666666666,1.0,0.8,0.8863968326805247
3795,0.6666666666666666,1.0,0.8,0.928478340548092
3796,0.9,0.3103448275862069,0.4615384615384615,0.950872582471445
3797,0.8333333333333334,1.0,0.9090909090909091,0.9626611301063375
3798,0.6666666666666666,1.0,0.8,0.9659230729796436
3799,0.9,0.5,0.6428571428571429,0.9704771161969166
38,0.7,0.7,0.7,0.9184726487489852
380,0.5,0.3125,0.38461538461538464,0.9665576953006432
3800,0.6,0.6666666666666666,0.631578947368421,0.8253001079151291
3801,0.8,0.47058823529411764,0.5925925925925927,0.9789368001858949
3802,0.6,1.0,0.7499999999999999,0.9653163561640493
3803,0.8,1.0,0.888888888888889,0.9539844355981544
3804,0.9,0.34615384615384615,0.5,0.9655471885082402
3805,0.375,1.0,0.5454545454545454,0.9508490439491971
3806,0.7,0.28,0.4,0.9146813995976986
3807,0.7,0.14285714285714285,0.23728813559322035,0.8943998428280309
3808,1.0,0.10869565217391304,0.19607843137254902,0.9551391187363665
3809,0.7,1.0,0.8235294117647058,0.9800239653228319
381,0.7142857142857143,1.0,0.8333333333333333,0.9215578124242279
3810,0.5,1.0,0.6666666666666666,0.987367398059121
3811,0.8,0.5714285714285714,0.6666666666666666,0.9543504308639281
3812,0.5,0.4166666666666667,0.45454545454545453,0.9492333162807597
3813,0.7,0.7777777777777778,0.7368421052631577,0.958357919287542
3814,0.75,1.0,0.8571428571428571,0.9163986840214727
3815,0.6,0.46153846153846156,0.5217391304347826,0.940192863600482
3816,0.8,0.18604651162790697,0.3018867924528302,0.9500955562341219
3817,0.6,1.0,0.7499999999999999,0.9047215779097253
3818,0.6,1.0,0.7499999999999999,0.9562736512592295
3819,0.4,0.5,0.4444444444444445,0.9828572186803003
382,0.6,0.75,0.6666666666666665,0.8578996231403273
3820,0.5555555555555556,1.0,0.7142857142857143,0.9736374623709244
3821,0.4,0.08888888888888889,0.14545454545454545,0.919910665775724
3822,0.8,0.4444444444444444,0.5714285714285714,0.9235386336530262
3823,1.0,0.11235955056179775,0.20202020202020202,0.9743714747496639
3824,0.9,0.061224489795918366,0.11464968152866242,0.9496295760075997
3825,0.8,0.1702127659574468,0.2807017543859649,0.9171914633571588
3826,0.5,1.0,0.6666666666666666,0.8861756228404529
3827,0.8,0.3076923076923077,0.4444444444444444,0.9485716560409011
3828,0.2222222222222222,1.0,0.3636363636363636,0.9486147313144887
3829,1.0,0.09090909090909091,0.16666666666666669,0.9961383631667126
383,0.6,1.0,0.7499999999999999,0.9355257008675039
3830,0.9,0.6428571428571429,0.75,0.9834092549099822
3831,0.7,0.4117647058823529,0.5185185185185185,0.9211817176097937
3832,0.7,0.5833333333333334,0.6363636363636365,0.9467406630543551
3833,0.7,0.18421052631578946,0.29166666666666663,0.9403805588296502
3834,0.6,0.13953488372093023,0.22641509433962265,0.966331457581766
3835,0.6,0.6,0.6,0.9775543050545107
3836,0.9,0.15,0.2571428571428572,0.9892836703577528
3837,0.9,0.4090909090909091,0.5625000000000001,0.9743793112916959
3838,0.4,1.0,0.5714285714285715,0.9575188056082674
3839,0.5,0.5555555555555556,0.5263157894736842,0.9440320185265841
384,0.6,1.0,0.7499999999999999,0.9252322509130434
3840,0.6,0.75,0.6666666666666665,0.8324290883573157
3841,0.9,0.09,0.16363636363636364,0.9237712445803263
3842,0.8,0.0963855421686747,0.17204301075268819,0.9588956692051315
3843,0.2,0.5,0.28571428571428575,0.9189348406028006
3844,0.5,0.3125,0.38461538461538464,0.9142103063652741
3845,0.6,0.75,0.6666666666666665,0.987649132519537
3846,0.4,0.6666666666666666,0.5,0.9165691580180548
3847,1.0,0.16666666666666666,0.2857142857142857,0.9115718071929212
3848,0.6,0.8571428571428571,0.7058823529411764,0.9642472930334256
3849,0.7,1.0,0.8235294117647058,0.987384036830353
385,0.6,0.46153846153846156,0.5217391304347826,0.9415980032759194
3850,0.9,0.16981132075471697,0.2857142857142857,0.930480552055868
3851,0.8,0.8888888888888888,0.8421052631578948,0.9565738043150993
3852,0.6,0.75,0.6666666666666665,0.9887771525272553
3853,1.0,0.35714285714285715,0.5263157894736842,0.9999999999999997
3854,0.2,0.6666666666666666,0.30769230769230765,0.9730273984566121
3855,0.8,0.5333333333333333,0.64,0.9681261057547603
3856,0.5,1.0,0.6666666666666666,0.9875958230208262
3857,0.5,1.0,0.6666666666666666,0.9080002020667804
3858,0.7,0.4666666666666667,0.56,0.9900119826614159
3859,0.7,0.20588235294117646,0.3181818181818182,1.0
386,0.8,0.2962962962962963,0.43243243243243246,0.9445455922972841
3860,0.9,0.42857142857142855,0.5806451612903225,0.9730273984566121
3861,0.5555555555555556,1.0,0.7142857142857143,0.9903897509212188
3862,0.7142857142857143,1.0,0.8333333333333333,0.9736701291814053
3863,0.4,1.0,0.5714285714285715,0.9640819596328583
3864,0.8,0.3076923076923077,0.4444444444444444,0.9820012349491912
3865,0.5,0.8333333333333334,0.625,0.8585838599852936
3866,0.6,0.6666666666666666,0.631578947368421,0.9747013841301885
3867,0.4444444444444444,1.0,0.6153846153846153,0.9823964195729601
3868,0.6,0.2857142857142857,0.3870967741935483,0.972682416833606
3869,0.6,1.0,0.7499999999999999,0.9661262475375074
387,0.6,1.0,0.7499999999999999,0.9048306201811699
3870,0.6666666666666666,1.0,0.8,0.9651360919320446
3871,1.0,0.625,0.7692307692307693,0.9499842829434509
3872,0.5,1.0,0.6666666666666666,0.9712998461843051
3873,0.6,0.6,0.6,0.9368555133379431
3874,0.7,0.5,0.5833333333333334,0.9130058450493955
3875,0.375,1.0,0.5454545454545454,0.9184810780804733
3876,0.4444444444444444,1.0,0.6153846153846153,0.9493814485707645
3877,0.8,1.0,0.888888888888889,0.9823377951878006
3878,0.7,0.23333333333333334,0.35,0.9800239653228319
3879,0.4,1.0,0.5714285714285715,0.9589290275785872
388,0.6,0.75,0.6666666666666665,0.9957242689824397
3880,0.5,0.8333333333333334,0.625,0.9559803031411523
3881,0.6,0.75,0.6666666666666665,0.9642614582190867
3882,0.8,0.36363636363636365,0.5000000000000001,0.9316785894190592
3883,0.5,1.0,0.6666666666666666,0.8963406850810482
3884,0.8,0.12698412698412698,0.2191780821917808,0.8808871684080414
3885,0.9,0.12162162162162163,0.2142857142857143,0.9999999999999999
3886,0.7,0.7,0.7,0.934853705046582
3887,0.7,0.20588235294117646,0.3181818181818182,0.9542407963750834
3888,0.6,0.2727272727272727,0.37499999999999994,0.9455203971729008
3889,0.5,0.5,0.5,0.9615335382692315
389,0.4,0.5714285714285714,0.47058823529411764,0.9485716560409011
3890,0.5,0.7142857142857143,0.588235294117647,0.9615572121244959
3891,0.9,0.6,0.7200000000000001,0.9834092549099822
3892,0.9,0.21428571428571427,0.3461538461538461,0.9855701107429646
3893,0.6,1.0,0.7499999999999999,0.8830174027588941
3894,0.5,0.25,0.3333333333333333,0.9253112038564112
3895,0.3,0.75,0.4285714285714285,0.8879987632701273
3896,0.6,0.5454545454545454,0.5714285714285713,0.952556003794901
3897,0.8,1.0,0.888888888888889,0.9378684116355183
3898,0.8,0.5333333333333333,0.64,0.976280159973222
3899,0.7,1.0,0.8235294117647058,0.8743414702045184
39,0.6,0.6666666666666666,0.631578947368421,0.9113478558299033
390,0.9,0.3,0.45000000000000007,0.9828170121864932
3900,0.9,0.19148936170212766,0.3157894736842105,0.980349848401603
3901,0.7,0.875,0.7777777777777777,0.9747680736607058
3902,0.9,0.2903225806451613,0.4390243902439024,0.9999999999999999
3903,0.5,0.38461538461538464,0.4347826086956522,0.9156357580616395
3904,1.0,0.8333333333333334,0.9090909090909091,0.9743714747496639
3905,0.4,0.5,0.4444444444444445,0.9311369667160502
3906,0.4,0.8,0.5333333333333333,0.8911219109606079
3907,0.8,1.0,0.888888888888889,0.9611303100140147
3908,0.4,0.2857142857142857,0.3333333333333333,0.7702401294652658
3909,0.8,0.7272727272727273,0.761904761904762,0.9671162457434435
391,0.4,0.5714285714285714,0.47058823529411764,0.9361111405699033
3910,0.9,0.3103448275862069,0.4615384615384615,0.9624814926561788
3911,0.6,1.0,0.7499999999999999,0.8270055923417027
3912,0.7,0.5384615384615384,0.608695652173913,0.978567340715506
3913,0.8,0.4444444444444444,0.5714285714285714,0.9445453023608653
3914,0.8,0.6153846153846154,0.6956521739130435,0.9617946413979347
3915,0.6,1.0,0.7499999999999999,0.9326437397788032
3916,1.0,0.1282051282051282,0.22727272727272727,0.9820012349491912
3917,0.7,0.5,0.5833333333333334,0.8950693574815959
3918,0.5,1.0,0.6666666666666666,0.978770331911912
3919,0.7,0.6363636363636364,0.6666666666666666,0.8774112618331841
392,0.7,0.125,0.21212121212121213,0.9368353168656508
3920,0.8,0.8888888888888888,0.8421052631578948,0.97769947006196
3921,1.0,0.7692307692307693,0.8695652173913044,0.9819923398446812
3922,0.6,0.3157894736842105,0.41379310344827586,0.9053645376178521
3923,0.6,0.5,0.5454545454545454,0.9065481770537843
3924,0.5,0.625,0.5555555555555556,0.944547558055274
3925,0.8,0.5714285714285714,0.6666666666666666,0.9039421186857156
3926,0.7,0.7,0.7,0.9384237919510994
3927,0.7,0.35,0.4666666666666667,0.976953678861645
3928,0.3333333333333333,1.0,0.5,0.9931929474226942
3929,0.9,0.19148936170212766,0.3157894736842105,0.958357919287542
393,0.6,0.6666666666666666,0.631578947368421,0.9434998575614436
3930,0.3,0.3,0.3,0.9578736003717896
3931,1.0,0.4166666666666667,0.5882352941176471,0.9800239653228319
3932,0.5714285714285714,1.0,0.7272727272727273,0.9757143141967639
3933,0.6,1.0,0.7499999999999999,0.9783446823995325
3934,1.0,0.12987012987012986,0.22988505747126434,0.9836739525247684
3935,0.7,0.5833333333333334,0.6363636363636365,0.9686288071635825
3936,0.7142857142857143,1.0,0.8333333333333333,0.8947575729887827
3937,0.7,0.7,0.7,0.9900119826614159
3938,0.4,0.4444444444444444,0.4210526315789474,0.9700927458242443
3939,0.2,1.0,0.33333333333333337,0.9599115385551773
394,0.25,1.0,0.4,0.8985832872756223
3940,0.9,0.13432835820895522,0.23376623376623376,0.9991087461569514
3941,0.7,1.0,0.8235294117647058,0.9791946759132475
3942,0.8,0.14035087719298245,0.23880597014925373,0.8464094054713374
3943,0.4,0.8,0.5333333333333333,0.938532686481868
3944,0.5,1.0,0.6666666666666666,0.9516998652661177
3945,0.9,0.19148936170212766,0.3157894736842105,0.977898055988703
3946,0.8,0.23529411764705882,0.3636363636363636,0.9973732850270569
3947,0.6,0.6666666666666666,0.631578947368421,0.966331457581766
3948,0.5,0.5555555555555556,0.5263157894736842,0.8954017589008887
3949,0.5,0.8333333333333334,0.625,0.9588956692051315
395,0.4,1.0,0.5714285714285715,0.9647125491652929
3950,0.4,0.8,0.5333333333333333,0.8747953944722241
3951,0.8,0.3076923076923077,0.4444444444444444,0.91874855455584
3952,0.8,0.8,0.8000000000000002,0.9773657623957044
3953,1.0,0.3448275862068966,0.5128205128205129,0.9700927458242443
3954,0.4444444444444444,1.0,0.6153846153846153,0.9384822980614426
3955,0.8,0.6153846153846154,0.6956521739130435,0.9327943119216349
3956,0.5714285714285714,1.0,0.7272727272727273,0.9145121074525927
3957,0.9,0.20454545454545456,0.33333333333333337,0.9911554430582546
3958,0.5,0.2777777777777778,0.35714285714285715,0.9515169471981985
3959,0.4,1.0,0.5714285714285715,0.9551833894864693
396,1.0,0.45454545454545453,0.625,0.9551391187363665
3960,0.5,1.0,0.6666666666666666,0.9584269942167954
3961,0.8,0.32,0.45714285714285713,0.9705452303552186
3962,0.8,0.8,0.8000000000000002,0.9886752707345026
3963,0.6,0.18181818181818182,0.27906976744186046,0.987649132519537
3964,1.0,0.9090909090909091,0.9523809523809523,0.9544173319713032
3965,1.0,0.24390243902439024,0.39215686274509803,0.9900119826614159
3966,0.5,0.8333333333333334,0.625,0.9363935593290605
3967,0.9,0.19148936170212766,0.3157894736842105,0.966786423881488
3968,0.6,0.5454545454545454,0.5714285714285713,0.8620236866717416
3969,0.75,1.0,0.8571428571428571,1.0
397,0.5714285714285714,1.0,0.7272727272727273,0.988826880896684
3970,0.8,0.26666666666666666,0.4,0.9304306465979424
3971,0.7,0.17073170731707318,0.2745098039215686,0.958728368191315
3972,0.8,1.0,0.888888888888889,0.977772496389062
3973,0.7,0.5833333333333334,0.6363636363636365,0.882727544615959
3974,0.7,0.4117647058823529,0.5185185185185185,0.9456484324993235
3975,0.3,0.3333333333333333,0.3157894736842105,0.9304039497696537
3976,0.9,0.23076923076923078,0.3673469387755102,0.945875017604171
3977,0.6666666666666666,1.0,0.8,0.9447564436563137
3978,0.7,0.5384615384615384,0.608695652173913,0.9999999999999999
3979,0.7,0.6363636363636364,0.6666666666666666,0.9357589641274954
398,0.9,0.2571428571428571,0.39999999999999997,0.9465856359276682
3980,0.25,1.0,0.4,0.9222564835994741
3981,0.7,0.28,0.4,0.886237164685218
3982,0.3,0.42857142857142855,0.3529411764705882,0.9399687181787689
3983,0.7,0.5833333333333334,0.6363636363636365,0.9747680736607058
3984,0.6,0.6666666666666666,0.631578947368421,0.961513047664476
3985,0.8,0.17391304347826086,0.2857142857142857,0.9410422906067071
3986,0.6,1.0,0.7499999999999999,0.9245105721830469
3987,0.6,1.0,0.7499999999999999,0.8480084404478329
3988,0.9,0.391304347826087,0.5454545454545454,0.95329412838341
3989,0.7,0.35,0.4666666666666667,0.9800239653228319
399,0.7142857142857143,1.0,0.8333333333333333,0.9714662096383653
3990,0.5,0.7142857142857143,0.588235294117647,0.9747347961182418
3991,0.8,1.0,0.888888888888889,0.9816604138186911
3992,0.9,0.13636363636363635,0.23684210526315788,0.9789546892969045
3993,0.7,0.23333333333333334,0.35,0.9479238766711323
3994,0.2,0.25,0.22222222222222224,0.9184726487489852
3995,0.9,0.47368421052631576,0.6206896551724138,0.9651412108143528
3996,0.4,0.4444444444444444,0.4210526315789474,0.9300462383210639
3997,0.5,0.14705882352941177,0.22727272727272727,0.9388774305952335
3998,0.8,0.32,0.45714285714285713,0.952859784831047
3999,0.8,0.13333333333333333,0.2285714285714286,0.9660829137059015
4,0.8,1.0,0.888888888888889,0.9823377951878006
40,0.4,0.4,0.4000000000000001,0.9608136698028407
400,0.875,1.0,0.9333333333333333,0.9646866434717309
4000,0.7,0.875,0.7777777777777777,0.9815170343033657
4001,0.6,0.16216216216216217,0.25531914893617025,0.9114729137532882
4002,0.6,1.0,0.7499999999999999,0.9775661502203681
4003,0.5555555555555556,1.0,0.7142857142857143,0.9617071133050067
4004,0.8,0.4444444444444444,0.5714285714285714,0.8903454707695779
4005,0.9,0.2903225806451613,0.4390243902439024,0.9651412108143528
4006,0.8,0.38095238095238093,0.5161290322580645,0.9688940990011058
4007,0.9,0.1267605633802817,0.22222222222222224,0.9407849366892436
4008,0.6,1.0,0.7499999999999999,0.9385772620613846
4009,1.0,0.29411764705882354,0.45454545454545453,0.9976622214545074
401,0.9,0.8181818181818182,0.8571428571428572,0.9789546892969045
4010,0.6,1.0,0.7499999999999999,0.9725276240747033
4011,0.8,1.0,0.888888888888889,0.9642614582190867
4012,0.6666666666666666,1.0,0.8,0.9766854987156159
4013,1.0,0.3225806451612903,0.4878048780487805,0.912961902702855
4014,0.6,0.2,0.3,0.8405896506745798
4015,0.3,0.42857142857142855,0.3529411764705882,0.9369300974874328
4016,0.7,0.12962962962962962,0.21875,0.9791587158290269
4017,0.75,1.0,0.8571428571428571,0.9732282060396055
4018,0.7,0.4666666666666667,0.56,0.9184726487489852
4019,0.4,1.0,0.5714285714285715,0.9719705792069783
402,1.0,0.2857142857142857,0.4444444444444445,0.9850463729121222
4020,0.6,0.6666666666666666,0.631578947368421,0.9786154864943256
4021,1.0,0.1,0.18181818181818182,1.0
4022,0.7,0.25925925925925924,0.37837837837837834,0.9617027214965969
4023,0.5,0.5555555555555556,0.5263157894736842,0.9735457482053359
4024,0.8,0.3333333333333333,0.47058823529411764,0.9693539462556316
4025,0.6666666666666666,1.0,0.8,0.9647431200754405
4026,0.7,0.21875,0.3333333333333333,0.9290083960883319
4027,0.7,1.0,0.8235294117647058,0.9362938360094096
4028,0.9,0.14285714285714285,0.24657534246575338,0.9659288142918102
4029,0.8,0.7272727272727273,0.761904761904762,0.9538250859867871
403,0.9,0.24324324324324326,0.3829787234042553,0.9656340243729868
4030,0.5,0.35714285714285715,0.41666666666666663,0.9448483128912387
4031,0.3,1.0,0.4615384615384615,0.9611499012727941
4032,0.6,0.35294117647058826,0.4444444444444445,0.9376383455340489
4033,0.7,0.09333333333333334,0.16470588235294115,0.9509163061689967
4034,0.4,0.36363636363636365,0.380952380952381,0.9538250859867871
4035,0.6,1.0,0.7499999999999999,0.9630204353863241
4036,0.6,0.5,0.5454545454545454,0.9338098213571505
4037,0.8,1.0,0.888888888888889,0.9263167092671629
4038,0.8,1.0,0.888888888888889,0.9505804787723792
4039,0.4,0.8,0.5333333333333333,0.9274644048653875
404,0.5,1.0,0.6666666666666666,0.9340873152467841
4040,0.9,0.6,0.7200000000000001,0.9901749242008014
4041,0.8,0.125,0.21621621621621623,0.9403335700655459
4042,0.8,0.18604651162790697,0.3018867924528302,0.9506224488010795
4043,0.9,0.45,0.6,0.9460547969132242
4044,0.8,0.8888888888888888,0.8421052631578948,0.9723705493124036
4045,0.4444444444444444,1.0,0.6153846153846153,0.9606104837361148
4046,0.375,1.0,0.5454545454545454,0.9731901020034198
4047,0.4444444444444444,1.0,0.6153846153846153,0.9334150654414742
4048,1.0,0.10526315789473684,0.1904761904761905,0.9775543050545107
4049,0.7,0.2,0.3111111111111111,0.9440545777311469
405,0.6,1.0,0.7499999999999999,0.8803070228448153
4050,0.5,0.29411764705882354,0.37037037037037035,0.9729375088020854
4051,0.3,0.5,0.37499999999999994,0.9047782035453251
4052,0.7142857142857143,1.0,0.8333333333333333,0.9714662096383653
4053,0.9,0.14285714285714285,0.24657534246575338,0.9483024562987111
4054,0.9,0.10843373493975904,0.19354838709677422,0.9680555702849517
4055,0.9,0.15789473684210525,0.26865671641791045,0.9384615782349645
4056,0.6,1.0,0.7499999999999999,0.8600491679460148
4057,0.625,1.0,0.7692307692307693,0.9579350750542396
4058,0.8,0.16326530612244897,0.27118644067796605,0.9538404584909105
4059,0.7777777777777778,1.0,0.8750000000000001,0.9172792095770722
406,0.5,0.3333333333333333,0.4,0.954678253481073
4060,0.5,0.15151515151515152,0.23255813953488375,0.9292943399208003
4061,0.375,1.0,0.5454545454545454,0.9521733107952812
4062,0.7,0.21875,0.3333333333333333,0.9157804224875344
4063,0.6,1.0,0.7499999999999999,0.9752982650390741
4064,1.0,0.15625,0.2702702702702703,0.9743714747496639
4065,0.4,1.0,0.5714285714285715,0.9719705792069783
4066,0.3,0.75,0.4285714285714285,0.9003888437841071
4067,0.4,0.6666666666666666,0.5,0.8787218461437581
4068,0.5,1.0,0.6666666666666666,1.0
4069,0.8571428571428571,1.0,0.923076923076923,0.9629558279104746
407,0.42857142857142855,1.0,0.6,0.7802052434494843
4070,0.9,0.6428571428571429,0.75,0.9512311367273428
4071,0.8,0.5,0.6153846153846154,0.9681261057547603
4072,0.8,0.25,0.38095238095238093,0.9783253689208926
4073,1.0,0.8,0.888888888888889,1.0
4074,0.6666666666666666,1.0,0.8,0.9941403042354541
4075,0.8,0.8888888888888888,0.8421052631578948,0.9773505414690052
4076,0.4,1.0,0.5714285714285715,0.9459115371309813
4077,1.0,0.3125,0.47619047619047616,0.9819923398446812
4078,0.4,0.25,0.3076923076923077,0.8835931366176378
4079,0.9,0.16071428571428573,0.27272727272727276,0.9433451132486834
408,0.7,0.35,0.4666666666666667,0.9254125365893001
4080,0.7,0.7,0.7,0.9589171891171091
4081,0.6,1.0,0.7499999999999999,0.9618674946795892
4082,0.8,0.4,0.5333333333333333,0.9933920200508272
4083,0.9,0.0891089108910891,0.16216216216216217,0.9861482341221938
4084,0.9,0.5625,0.6923076923076923,0.9918115394479871
4085,0.8,0.07407407407407407,0.13559322033898305,0.9886752707345026
4086,0.9,0.19148936170212766,0.3157894736842105,0.9918115394479871
4087,0.7,0.875,0.7777777777777777,0.8698517831374883
4088,0.8,0.24242424242424243,0.372093023255814,0.9734562287850576
4089,0.8,0.07766990291262135,0.1415929203539823,0.9340873152467841
409,1.0,0.2222222222222222,0.3636363636363636,0.9819923398446812
4090,0.9,0.3,0.45000000000000007,0.9656340243729868
4091,0.7,0.5384615384615384,0.608695652173913,0.9403805588296502
4092,0.5,0.7142857142857143,0.588235294117647,0.9332424156632918
4093,0.9,0.5294117647058824,0.6666666666666667,0.9834092549099822
4094,0.6,0.35294117647058826,0.4444444444444445,0.940192863600482
4095,0.6,0.75,0.6666666666666665,0.9727601985864504
4096,0.9,0.36,0.5142857142857143,0.9476723049203274
4097,0.5,1.0,0.6666666666666666,0.9136132469195317
4098,0.8,0.5333333333333333,0.64,0.9550038693477845
4099,0.8,0.47058823529411764,0.5925925925925927,0.9620669832973471
41,0.8,1.0,0.888888888888889,0.9643590601152746
410,0.3,0.42857142857142855,0.3529411764705882,0.961396769879651
4100,0.3333333333333333,1.0,0.5,0.9732631940950072
4101,0.8,0.8888888888888888,0.8421052631578948,0.9910006174745954
4102,0.6,0.6,0.6,0.8399146218509385
4103,0.6,0.4,0.48,0.9378316414301876
4104,0.4,0.3333333333333333,0.3636363636363636,0.952338389828055
4105,0.9,0.9,0.9,0.9283003595826659
4106,0.6666666666666666,1.0,0.8,0.9249213576695784
4107,0.8,0.23529411764705882,0.3636363636363636,0.9624814926561788
4108,0.42857142857142855,1.0,0.6,0.9600139207931722
4109,0.6,1.0,0.7499999999999999,0.9347128672147208
411,0.3,0.061224489795918366,0.10169491525423728,0.8954584607291021
4110,0.6,1.0,0.7499999999999999,0.9295457903981564
4111,0.3,0.75,0.4285714285714285,0.9369300974874328
4112,0.6,0.3157894736842105,0.41379310344827586,0.9775543050545107
4113,0.5714285714285714,1.0,0.7272727272727273,0.9947095551010986
4114,0.8,0.47058823529411764,0.5925925925925927,0.9910006174745954
4115,0.8,0.11428571428571428,0.19999999999999998,0.9003439079552967
4116,0.9,0.16981132075471697,0.2857142857142857,0.9623548488793522
4117,0.3,0.2,0.24,0.9750834687885964
4118,0.4,0.21052631578947367,0.27586206896551724,0.9361111405699033
4119,0.7,1.0,0.8235294117647058,0.8457871496826618
412,0.8,0.14035087719298245,0.23880597014925373,0.9820012349491912
4120,0.3,1.0,0.4615384615384615,0.9445127014583646
4121,0.7,0.4375,0.5384615384615384,0.9283298982791798
4122,0.9,0.225,0.36000000000000004,0.9611499012727941
4123,0.5,0.5555555555555556,0.5263157894736842,0.9030219043199073
4124,0.8,0.25,0.38095238095238093,0.933287231049823
4125,0.6666666666666666,1.0,0.8,0.9741785738200778
4126,0.5,0.14705882352941177,0.22727272727272727,0.9429322635146806
4127,1.0,0.7142857142857143,0.8333333333333333,0.9850463729121222
4128,0.5,1.0,0.6666666666666666,0.9516998652661177
4129,0.6666666666666666,1.0,0.8,0.9643715177507095
413,0.6,0.5454545454545454,0.5714285714285713,0.9775543050545107
4130,0.8,0.4444444444444444,0.5714285714285714,0.9235386336530262
4131,0.8,0.6153846153846154,0.6956521739130435,0.9820012349491912
4132,0.8,0.5,0.6153846153846154,0.9732457461129788
4133,0.8,0.5714285714285714,0.6666666666666666,0.9578736003717896
4134,0.5,0.4166666666666667,0.45454545454545453,0.9146667731723331
4135,0.6,0.8571428571428571,0.7058823529411764,0.9775543050545107
4136,0.75,1.0,0.8571428571428571,0.988159200562813
4137,0.8,0.6666666666666666,0.7272727272727272,0.9410422906067071
4138,0.7,0.875,0.7777777777777777,0.9780920899193349
4139,0.9,0.21428571428571427,0.3461538461538461,0.9730273984566121
414,0.6,0.8571428571428571,0.7058823529411764,0.9098047645033053
4140,1.0,0.25,0.4,0.9910006174745954
4141,1.0,0.2857142857142857,0.4444444444444445,0.9800239653228319
4142,0.6,1.0,0.7499999999999999,0.9133343218624859
4143,0.8,1.0,0.888888888888889,0.9522526833895572
4144,0.9,0.6,0.7200000000000001,0.9897313383008353
4145,0.4,1.0,0.5714285714285715,0.9439411584139565
4146,0.75,0.75,0.75,0.9598238517065346
4147,0.3,0.6,0.4,0.9368104005576843
4148,0.9,0.6923076923076923,0.7826086956521738,0.9603049068612064
4149,0.7,0.875,0.7777777777777777,0.9261878339290956
415,0.8,0.18604651162790697,0.3018867924528302,0.9886752707345026
4150,0.9,0.28125,0.4285714285714286,0.9401045905696985
4151,0.75,1.0,0.8571428571428571,0.9382381038737639
4152,0.8,0.5,0.6153846153846154,0.9657144373606007
4153,0.5,0.25,0.3333333333333333,0.9469347370479845
4154,0.8,1.0,0.888888888888889,0.9505804787723792
4155,0.5,1.0,0.6666666666666666,0.8547862525449923
4156,0.9,0.16363636363636364,0.27692307692307694,0.9729375088020854
4157,0.3,0.6,0.4,0.8969376315094424
4158,1.0,1.0,1.0,0.9999999999999999
4159,0.6,1.0,0.7499999999999999,0.9728702016317704
416,0.5,0.8333333333333334,0.625,0.9582552158936551
4160,0.4,0.36363636363636365,0.380952380952381,0.8715944157270715
4161,0.8,0.1951219512195122,0.3137254901960785,0.9145833833630879
4162,0.3,0.42857142857142855,0.3529411764705882,0.9579093785938091
4163,0.5,1.0,0.6666666666666666,0.872971726647762
4164,0.625,1.0,0.7692307692307693,0.9241349932116922
4165,0.7,0.875,0.7777777777777777,0.9606719826117069
4166,0.6,1.0,0.7499999999999999,0.8781996819943559
4167,1.0,0.2,0.33333333333333337,0.9775543050545107
4168,0.3,0.42857142857142855,0.3529411764705882,0.9789546892969045
4169,1.0,0.03937007874015748,0.07575757575757576,0.9820012349491912
417,0.4,1.0,0.5714285714285715,0.9378407433642015
4170,0.4,0.6666666666666666,0.5,0.9516547269984866
4171,0.8,0.36363636363636365,0.5000000000000001,0.966786423881488
4172,0.6,0.75,0.6666666666666665,0.9887771525272553
4173,0.4,0.8,0.5333333333333333,0.948783132064734
4174,0.875,1.0,0.9333333333333333,0.9405252502924503
4175,0.3,0.375,0.33333333333333326,0.9487439851924682
4176,1.0,1.0,1.0,0.9999999999999999
4177,0.5,0.3333333333333333,0.4,0.9621021941773628
4178,0.75,1.0,0.8571428571428571,0.9473555091038404
4179,0.9,0.375,0.5294117647058825,0.9999999999999999
418,0.7,1.0,0.8235294117647058,0.9070026467749549
4180,0.4,0.5,0.4444444444444445,0.9726643398816331
4181,0.6,0.35294117647058826,0.4444444444444445,0.963226172764932
4182,0.6,1.0,0.7499999999999999,0.9765981605138886
4183,0.5,0.1724137931034483,0.25641025641025644,0.7906947630591333
4184,0.8333333333333334,1.0,0.9090909090909091,0.9499444964677687
4185,0.7,1.0,0.8235294117647058,0.9615077793323511
4186,0.9,0.1111111111111111,0.1978021978021978,0.8990694242101207
4187,0.8,0.8,0.8000000000000002,0.9820012349491912
4188,0.5555555555555556,1.0,0.7142857142857143,0.9146709367412357
4189,0.5714285714285714,1.0,0.7272727272727273,0.9794243551015579
419,0.5,0.5,0.5,0.9743714747496639
4190,0.7,0.5384615384615384,0.608695652173913,0.9630150241204269
4191,0.5,1.0,0.6666666666666666,0.9527654809307945
4192,0.5,1.0,0.6666666666666666,0.8834517186467148
4193,0.5,0.15151515151515152,0.23255813953488375,0.9448608163220278
4194,0.5,0.3333333333333333,0.4,0.9815170343033657
4195,0.6,0.5454545454545454,0.5714285714285713,0.966331457581766
4196,0.16666666666666666,1.0,0.2857142857142857,0.9506077705472993
4197,0.4,1.0,0.5714285714285715,0.9731455036998373
4198,0.5,1.0,0.6666666666666666,0.9715252862862984
4199,0.8,1.0,0.888888888888889,0.9535019788556205
42,0.7,0.25,0.3684210526315789,0.9715252862862984
420,0.5,0.7142857142857143,0.588235294117647,0.9980541000713263
4200,0.6,1.0,0.7499999999999999,0.9116833791303662
4201,0.6,1.0,0.7499999999999999,0.9728702016317704
4202,0.4,1.0,0.5714285714285715,0.8988003045800338
4203,0.7,0.5,0.5833333333333334,0.9901749242008014
4204,0.6,0.25,0.35294117647058826,0.966331457581766
4205,0.4,1.0,0.5714285714285715,0.9178580551571747
4206,0.6,1.0,0.7499999999999999,0.9646777740304642
4207,0.6,0.3157894736842105,0.41379310344827586,0.9531963210277772
4208,0.5,1.0,0.6666666666666666,0.945875017604171
4209,0.6,1.0,0.7499999999999999,0.9371474776723369
421,0.75,1.0,0.8571428571428571,1.0
4210,0.9,0.5625,0.6923076923076923,0.9835445048635998
4211,0.6,1.0,0.7499999999999999,0.9406335599074369
4212,0.8,0.6666666666666666,0.7272727272727272,0.9221662383203305
4213,0.5,0.2631578947368421,0.3448275862068966,0.987185737374832
4214,0.625,1.0,0.7692307692307693,0.9158701501084789
4215,0.4,0.3333333333333333,0.3636363636363636,0.9485716560409011
4216,0.5,1.0,0.6666666666666666,0.9584269942167954
4217,0.4,0.25,0.3076923076923077,0.9700927458242443
4218,0.9,0.6923076923076923,0.7826086956521738,0.9871561670251399
4219,0.7,0.5833333333333334,0.6363636363636365,0.9509163061689967
422,0.6,1.0,0.7499999999999999,0.9685559897703215
4220,0.7,0.3181818181818182,0.4375,0.9629838264427366
4221,0.5,0.625,0.5555555555555556,0.9837040231634792
4222,0.7,0.4666666666666667,0.56,0.940696953698938
4223,0.8,0.5714285714285714,0.6666666666666666,0.9578736003717896
4224,0.8,0.19047619047619047,0.3076923076923077,0.9683411523335436
4225,0.9,0.42857142857142855,0.5806451612903225,0.9855701107429646
4226,0.5,1.0,0.6666666666666666,0.939326504932034
4227,1.0,0.08,0.14814814814814814,0.9704771161969166
4228,0.8,1.0,0.888888888888889,0.8580914826939597
4229,0.7,0.875,0.7777777777777777,0.9345824376867312
423,0.2,0.6666666666666666,0.30769230769230765,0.8284855817852139
4230,0.6,1.0,0.7499999999999999,0.9749774768100044
4231,0.6,1.0,0.7499999999999999,0.9457702068975762
4232,0.6,1.0,0.7499999999999999,0.9572985724268266
4233,0.5,0.35714285714285715,0.41666666666666663,0.912961902702855
4234,0.8,0.3333333333333333,0.47058823529411764,0.9543504308639281
4235,0.9,0.45,0.6,0.9729375088020854
4236,0.6,0.8571428571428571,0.7058823529411764,0.9399072193010396
4237,0.9,0.5294117647058824,0.6666666666666667,0.9704771161969166
4238,0.9,0.12162162162162163,0.2142857142857143,0.9655471885082402
4239,0.8,0.7272727272727273,0.761904761904762,0.9789368001858949
424,0.9,0.060810810810810814,0.11392405063291139,0.9855701107429646
4240,0.5,0.625,0.5555555555555556,0.9307787022191629
4241,0.8,0.5333333333333333,0.64,0.943856739573407
4242,0.8,0.42105263157894735,0.5517241379310345,0.9363631300630522
4243,0.9,0.375,0.5294117647058825,0.9789546892969045
4244,0.5,1.0,0.6666666666666666,0.8963406850810482
4245,0.8,0.7272727272727273,0.761904761904762,0.9583306731248847
4246,0.625,1.0,0.7692307692307693,0.9818611961420155
4247,0.4,0.6666666666666666,0.5,0.7781355638766314
4248,0.8,0.6666666666666666,0.7272727272727272,0.93576055365419
4249,0.7,0.5,0.5833333333333334,0.9090720784491787
425,0.7,0.2916666666666667,0.4117647058823529,0.9084815927501669
4250,0.8,0.19047619047619047,0.3076923076923077,0.9340555896941443
4251,0.6,0.6,0.6,0.9530822085084355
4252,0.8,0.6153846153846154,0.6956521739130435,0.9591216865071718
4253,0.8,0.24242424242424243,0.372093023255814,0.9773505414690052
4254,0.4,1.0,0.5714285714285715,0.993980212227012
4255,0.4444444444444444,1.0,0.6153846153846153,0.9647928391459206
4256,0.5,1.0,0.6666666666666666,0.9326535996523021
4257,0.8,0.5714285714285714,0.6666666666666666,0.9484127518898294
4258,0.8,0.1951219512195122,0.3137254901960785,0.9578736003717896
4259,0.4,1.0,0.5714285714285715,0.9378407433642015
426,0.8,0.34782608695652173,0.48484848484848486,0.9699426539463564
4260,0.7,0.3888888888888889,0.5,0.9509163061689967
4261,0.9,0.375,0.5294117647058825,0.9409542323938329
4262,0.375,1.0,0.5454545454545454,0.9335941562098998
4263,0.25,1.0,0.4,0.9382681180681571
4264,0.8,1.0,0.888888888888889,0.9999999999999999
4265,0.7,0.2692307692307692,0.3888888888888889,0.9203817433087285
4266,0.5,0.7142857142857143,0.588235294117647,0.9004398243902887
4267,0.5,1.0,0.6666666666666666,0.9011131523355873
4268,0.6,0.23076923076923078,0.33333333333333337,0.9280417899942212
4269,0.6,0.25,0.35294117647058826,0.9353280128670475
427,0.6666666666666666,1.0,0.8,0.9423049703797938
4270,0.4,1.0,0.5714285714285715,0.9036835943598015
4271,0.8,0.18181818181818182,0.2962962962962963,0.9828572186803003
4272,0.4,0.4,0.4000000000000001,0.9115718071929212
4273,0.5714285714285714,1.0,0.7272727272727273,0.9670900661577693
4274,0.6,0.2727272727272727,0.37499999999999994,0.8211696682590378
4275,0.42857142857142855,1.0,0.6,0.8393583516951766
4276,0.9,0.6923076923076923,0.7826086956521738,0.9937651092415973
4277,0.8,0.06611570247933884,0.12213740458015268,0.9910006174745954
4278,0.625,1.0,0.7692307692307693,0.9644376233958947
4279,0.7,0.175,0.27999999999999997,0.9290083960883319
428,0.6,1.0,0.7499999999999999,0.9653670242557972
4280,0.6,0.75,0.6666666666666665,0.9614639022018769
4281,0.6,0.2727272727272727,0.37499999999999994,0.9316370302909289
4282,0.5,1.0,0.6666666666666666,0.8519298460892155
4283,0.6,0.8571428571428571,0.7058823529411764,0.8867897569867371
4284,1.0,0.43478260869565216,0.6060606060606061,0.9408468379494845
4285,0.8,0.125,0.21621621621621623,0.970103409152645
4286,0.8,0.27586206896551724,0.4102564102564103,0.9688962646031201
4287,0.8,0.18604651162790697,0.3018867924528302,0.9578626824800769
4288,0.8333333333333334,1.0,0.9090909090909091,0.9630018558817578
4289,0.9,0.391304347826087,0.5454545454545454,0.9668470839830546
429,0.9,0.3103448275862069,0.4615384615384615,0.977898055988703
4290,0.7,0.875,0.7777777777777777,0.9862403125982357
4291,0.6,0.35294117647058826,0.4444444444444445,0.9143264350459832
4292,0.5,0.5555555555555556,0.5263157894736842,0.8806941741978375
4293,0.4444444444444444,1.0,0.6153846153846153,0.9823964195729601
4294,0.7,0.5,0.5833333333333334,0.9421238637578243
4295,0.375,1.0,0.5454545454545454,0.8010090321205156
4296,0.5,0.7142857142857143,0.588235294117647,0.9421376930954983
4297,0.3,1.0,0.4615384615384615,0.9368104005576843
4298,0.8,0.2857142857142857,0.4210526315789473,0.9624814926561788
4299,0.8,0.6666666666666666,0.7272727272727272,0.9910006174745954
43,0.2,1.0,0.33333333333333337,1.0
430,0.4,0.6666666666666666,0.5,0.9614546135786453
4300,0.375,1.0,0.5454545454545454,0.9583835506715657
4301,0.6666666666666666,1.0,0.8,0.9639831007662207
4302,0.9,0.2647058823529412,0.40909090909090906,0.9548403769343636
4303,0.9,0.1956521739130435,0.3214285714285714,0.95329412838341
4304,0.8,1.0,0.888888888888889,0.8767285971822086
4305,1.0,0.10869565217391304,0.19607843137254902,0.9639846796893623
4306,0.8,0.8,0.8000000000000002,0.9630161970932718
4307,0.2857142857142857,1.0,0.4444444444444445,0.9445309307032125
4308,0.8,0.8888888888888888,0.8421052631578948,0.9777062639491327
4309,0.4,0.3076923076923077,0.34782608695652173,0.9183414332204557
431,0.8,0.8,0.8000000000000002,0.939353623098878
4310,0.9,0.225,0.36000000000000004,0.9433451132486834
4311,0.1,0.16666666666666666,0.125,0.989493311402328
4312,0.9,0.125,0.21951219512195125,0.9611499012727941
4313,0.8,0.5714285714285714,0.6666666666666666,0.9683411523335436
4314,0.7142857142857143,1.0,0.8333333333333333,0.9061005499279252
4315,0.6,0.3,0.4,0.8848852005982903
4316,0.625,1.0,0.7692307692307693,0.8140803414574757
4317,0.7,1.0,0.8235294117647058,0.9970623702015121
4318,1.0,0.15625,0.2702702702702703,1.0
4319,0.6,1.0,0.7499999999999999,0.9516025231034536
432,0.8,0.8,0.8000000000000002,0.9645287116798792
4320,0.8,0.6666666666666666,0.7272727272727272,0.9828572186803003
4321,0.7,0.875,0.7777777777777777,0.9456484324993235
4322,0.9,0.225,0.36000000000000004,0.9589171891171091
4323,0.9,0.47368421052631576,0.6206896551724138,0.9164952850994245
4324,0.8571428571428571,1.0,0.923076923076923,1.0
4325,0.6,1.0,0.7499999999999999,0.80457919022563
4326,0.5,0.3333333333333333,0.4,0.8706185471273815
4327,1.0,0.4166666666666667,0.5882352941176471,0.9639846796893623
4328,0.7,0.1891891891891892,0.2978723404255319,0.9578902112437672
4329,0.8,0.36363636363636365,0.5000000000000001,0.9604866207882771
433,0.7,1.0,0.8235294117647058,0.9290083960883319
4330,0.7777777777777778,1.0,0.8750000000000001,1.0
4331,0.5,1.0,0.6666666666666666,0.962031351312552
4332,0.25,1.0,0.4,0.9854348125171103
4333,0.9,0.36,0.5142857142857143,0.9492108317521946
4334,0.8,0.34782608695652173,0.48484848484848486,0.9657144373606007
4335,0.9,0.20454545454545456,0.33333333333333337,0.9789546892969045
4336,0.8,0.5,0.6153846153846154,0.9445455922972841
4337,1.0,0.2857142857142857,0.4444444444444445,0.9999999999999997
4338,0.5714285714285714,1.0,0.7272727272727273,0.9075145247845932
4339,0.4,0.5714285714285714,0.47058823529411764,0.95329412838341
434,0.5555555555555556,1.0,0.7142857142857143,0.9807795018424377
4340,0.4,1.0,0.5714285714285715,0.9611059281538614
4341,0.8571428571428571,1.0,0.923076923076923,0.9847071169546228
4342,0.8,0.25806451612903225,0.3902439024390244,0.9723705493124036
4343,0.6,0.375,0.4615384615384615,0.9437320231763183
4344,0.8,0.06015037593984962,0.11188811188811189,0.9524353188154729
4345,0.9,0.14285714285714285,0.24657534246575338,0.9623548488793522
4346,0.8,0.7272727272727273,0.761904761904762,0.9550038693477845
4347,0.7,0.5384615384615384,0.608695652173913,0.9368353168656508
4348,0.8,1.0,0.888888888888889,0.9780923842667334
4349,0.6666666666666666,1.0,0.8,0.9541665384026335
435,0.9,0.5,0.6428571428571429,0.9789546892969045
4350,0.6,0.6666666666666666,0.631578947368421,0.9396071059918276
4351,0.7,0.2916666666666667,0.4117647058823529,0.9403805588296502
4352,0.9,0.17647058823529413,0.2950819672131148,0.9704771161969166
4353,0.2,0.25,0.22222222222222224,0.9460547969132242
4354,0.9,0.11538461538461539,0.20454545454545456,0.9723705493124036
4355,0.5,1.0,0.6666666666666666,0.9226093540392423
4356,0.6,0.23076923076923078,0.33333333333333337,0.9319366184737576
4357,0.6666666666666666,1.0,0.8,0.965539761630851
4358,0.8571428571428571,1.0,0.923076923076923,1.0
4359,0.6,0.75,0.6666666666666665,0.9522885276741674
436,0.8,0.5,0.6153846153846154,0.9431423500856857
4360,0.6,0.3,0.4,0.9805472367389935
4361,0.5,0.5,0.5,0.9301955153894367
4362,0.5,0.2631578947368421,0.3448275862068966,0.9600169117520162
4363,0.8,0.42105263157894735,0.5517241379310345,0.9910006174745954
4364,0.8,0.38095238095238093,0.5161290322580645,0.9538250859867871
4365,0.5,1.0,0.6666666666666666,0.8467360007078768
4366,0.42857142857142855,1.0,0.6,0.9197939486427728
4367,0.3,0.2727272727272727,0.28571428571428564,0.9868268300614498
4368,0.5,0.3333333333333333,0.4,0.9581454522935532
4369,0.3333333333333333,1.0,0.5,0.9169169229456632
437,0.7,0.875,0.7777777777777777,0.9656134849103416
4370,0.5,0.7142857142857143,0.588235294117647,0.9594820775569056
4371,0.8,0.47058823529411764,0.5925925925925927,0.9537720087331311
4372,0.4,1.0,0.5714285714285715,0.9719705792069783
4373,0.7,0.28,0.4,0.9480299094514115
4374,0.8,0.5714285714285714,0.6666666666666666,0.9909149360685215
4375,0.8,0.15384615384615385,0.25806451612903225,0.9403335700655459
4376,0.7,0.7777777777777778,0.7368421052631577,0.9853813125353519
4377,0.8,0.2962962962962963,0.43243243243243246,0.9403335700655459
4378,0.8,0.6666666666666666,0.7272727272727272,0.9624599385657504
4379,0.8,0.1951219512195122,0.3137254901960785,0.8938938278870068
438,0.8,0.10810810810810811,0.19047619047619047,0.9510301791400355
4380,0.7,0.3888888888888889,0.5,0.9506123600355557
4381,0.8,0.17391304347826086,0.2857142857142857,0.9403335700655459
4382,0.9,0.6923076923076923,0.7826086956521738,0.9112450753615022
4383,0.5,1.0,0.6666666666666666,0.9556509368297385
4384,0.5,0.2777777777777778,0.35714285714285715,0.9603049068612064
4385,0.5,1.0,0.6666666666666666,0.8884486531014902
4386,0.9,0.09473684210526316,0.17142857142857143,0.9729375088020854
4387,0.6,0.09375,0.16216216216216214,0.9722675411550259
4388,0.9,0.13043478260869565,0.22784810126582278,0.95850761954505
4389,0.5,0.4166666666666667,0.45454545454545453,0.9901749478321665
439,0.6,0.6666666666666666,0.631578947368421,0.8625738889057665
4390,0.7,0.1794871794871795,0.2857142857142857,0.9572882185166511
4391,0.375,1.0,0.5454545454545454,0.9614592305178074
4392,0.6,1.0,0.7499999999999999,0.8709629402458021
4393,0.5,1.0,0.6666666666666666,0.9705215009785777
4394,0.5714285714285714,1.0,0.7272727272727273,0.9657997788755156
4395,0.3333333333333333,1.0,0.5,0.8338215390692547
4396,0.8,1.0,0.888888888888889,0.9613552676779333
4397,0.2,0.4,0.26666666666666666,0.845400390731075
4398,0.5,1.0,0.6666666666666666,0.9724404875718274
4399,0.5714285714285714,1.0,0.7272727272727273,0.9002361499479596
44,1.0,0.35714285714285715,0.5263157894736842,0.9910006174745954
440,0.8333333333333334,1.0,0.9090909090909091,0.9620260851078251
4400,0.8333333333333334,1.0,0.9090909090909091,1.0
4401,0.7,0.30434782608695654,0.42424242424242425,0.9228317009481203
4402,0.7142857142857143,1.0,0.8333333333333333,0.9258870140890213
4403,0.4,0.6666666666666666,0.5,0.938532686481868
4404,1.0,0.20408163265306123,0.3389830508474576,0.9752982650390741
4405,0.5555555555555556,1.0,0.7142857142857143,0.987048830339762
4406,0.8,0.17391304347826086,0.2857142857142857,0.9480299094514115
4407,0.7,0.35,0.4666666666666667,0.9238908757315483
4408,0.9,0.13636363636363635,0.23684210526315788,0.9655471885082402
4409,0.7,0.5833333333333334,0.6363636363636365,0.8999902344203303
441,0.5,1.0,0.6666666666666666,0.9875958230208262
4410,0.5,1.0,0.6666666666666666,0.9326535996523021
4411,0.9,0.10112359550561797,0.18181818181818182,0.9476723049203274
4412,0.6,0.75,0.6666666666666665,0.9402326114236249
4413,0.8,1.0,0.888888888888889,0.9505804787723792
4414,0.5,0.2777777777777778,0.35714285714285715,0.9081706000235327
4415,0.9,0.5625,0.6923076923076923,0.9378498954174695
4416,1.0,0.4166666666666667,0.5882352941176471,0.9820012349491912
4417,0.8,0.6153846153846154,0.6956521739130435,0.9828572186803003
4418,0.6,0.25,0.35294117647058826,0.9655471885082402
4419,0.75,1.0,0.8571428571428571,0.934899397081294
442,0.7,0.11666666666666667,0.2,0.9436675304228674
4420,0.6,1.0,0.7499999999999999,0.9044921910153995
4421,0.6,1.0,0.7499999999999999,0.9735932228627496
4422,0.9,0.19148936170212766,0.3157894736842105,0.9967594773210152
4423,0.5555555555555556,1.0,0.7142857142857143,0.9582525711754641
4424,0.5714285714285714,1.0,0.7272727272727273,0.9835450330788845
4425,0.6,0.11538461538461539,0.1935483870967742,0.8851855064379267
4426,0.7,0.7777777777777778,0.7368421052631577,0.9184726487489852
4427,0.6,1.0,0.7499999999999999,0.9441734186247127
4428,0.8,0.7272727272727273,0.761904761904762,0.9404212466388611
4429,0.6666666666666666,1.0,0.8,0.9963898590634439
443,0.42857142857142855,1.0,0.6,0.9542886519820911
4430,0.9,0.32142857142857145,0.4736842105263158,0.9476400350734813
4431,0.4444444444444444,1.0,0.6153846153846153,0.9971819522818726
4432,0.7,0.7,0.7,0.9018326123379934
4433,0.7,0.4375,0.5384615384615384,0.9203817433087285
4434,0.8,1.0,0.888888888888889,0.91874855455584
4435,0.5,1.0,0.6666666666666666,0.8741732147571348
4436,0.6,0.2222222222222222,0.32432432432432434,0.9145952561729114
4437,0.7,0.22580645161290322,0.3414634146341463,0.9487031625843488
4438,0.7,0.5,0.5833333333333334,0.9403805588296502
4439,0.4444444444444444,1.0,0.6153846153846153,0.8841857443619742
444,0.5,0.625,0.5555555555555556,0.9729375088020854
4440,1.0,0.7142857142857143,0.8333333333333333,0.9819923398446812
4441,0.6666666666666666,1.0,0.8,0.980377057722078
4442,0.6,1.0,0.7499999999999999,0.9885532697944931
4443,0.4,0.5714285714285714,0.47058823529411764,0.9558156445489118
4444,0.8,0.7272727272727273,0.761904761904762,0.91874855455584
4445,0.6,0.375,0.4615384615384615,0.9304357144351986
4446,1.0,0.24390243902439024,0.39215686274509803,0.9743714747496639
4447,0.8,0.11267605633802817,0.19753086419753088,0.9773505414690052
4448,0.9,0.10344827586206896,0.18556701030927833,0.9918115394479871
4449,0.4,0.36363636363636365,0.380952380952381,0.9361111405699033
445,0.8,0.3076923076923077,0.4444444444444444,0.9877575447850089
4450,0.5,0.8333333333333334,0.625,0.8860970622322538
4451,0.9,0.25,0.391304347826087,0.9699785804907033
4452,0.8,0.34782608695652173,0.48484848484848486,0.9645190469054549
4453,0.5,1.0,0.6666666666666666,0.9107401865026319
4454,0.8,0.5,0.6153846153846154,0.881342233297702
4455,0.5,1.0,0.6666666666666666,0.9469347370479845
4456,0.8,0.32,0.45714285714285713,0.8671023054804579
4457,0.6,0.24,0.34285714285714286,0.977898055988703
4458,0.8,0.21052631578947367,0.3333333333333333,0.9545326511439332
4459,0.7,0.28,0.4,0.9345824376867312
446,0.9,1.0,0.9473684210526316,0.9999999999999999
4460,0.9,0.6428571428571429,0.75,0.95329412838341
4461,0.2,0.16666666666666666,0.1818181818181818,0.9544173319713032
4462,0.7142857142857143,1.0,0.8333333333333333,0.9915094648301948
4463,0.5,1.0,0.6666666666666666,0.9211876746504287
4464,0.4,1.0,0.5714285714285715,0.9378407433642015
4465,0.9,0.8181818181818182,0.8571428571428572,0.9392269293311469
4466,0.7,0.4117647058823529,0.5185185185185185,0.9675563425799882
4467,0.3,0.2,0.24,0.9957048210795962
4468,0.6,0.8571428571428571,0.7058823529411764,0.9867417366321147
4469,0.2857142857142857,1.0,0.4444444444444445,0.9221437900443428
447,0.625,1.0,0.7692307692307693,0.9864254493615104
4470,0.4,0.18181818181818182,0.25000000000000006,0.9828170121864932
4471,0.9,0.391304347826087,0.5454545454545454,0.9852385580984581
4472,0.8,0.13333333333333333,0.2285714285714286,0.9545326511439332
4473,0.4,0.09523809523809523,0.15384615384615385,0.9747944392447803
4474,0.375,1.0,0.5454545454545454,0.9776029378786635
4475,0.7777777777777778,1.0,0.8750000000000001,0.9661400363541816
4476,1.0,0.43478260869565216,0.6060606060606061,0.9918115394479871
4477,0.8,0.47058823529411764,0.5925925925925927,0.9611303100140147
4478,0.8,0.21052631578947367,0.3333333333333333,0.9017303399451966
4479,0.9,0.9,0.9,0.9561199581209494
448,0.6,1.0,0.7499999999999999,0.8613193897386014
4480,0.9,0.23684210526315788,0.375,0.9789546892969045
4481,0.4,0.8,0.5333333333333333,0.9335603237620493
4482,1.0,0.08695652173913043,0.16,0.9800239653228319
4483,0.4,0.36363636363636365,0.380952380952381,0.908353970312491
4484,0.9,0.34615384615384615,0.5,0.9834092549099822
4485,0.7,0.4375,0.5384615384615384,0.9403805588296502
4486,0.1,1.0,0.18181818181818182,0.8146968176393222
4487,0.6,0.8571428571428571,0.7058823529411764,0.8942531909173179
4488,1.0,0.23809523809523808,0.3846153846153846,0.9510218575743057
4489,1.0,0.16393442622950818,0.28169014084507044,0.9900119826614159
449,0.3,1.0,0.4615384615384615,0.9579093785938091
4490,1.0,0.21739130434782608,0.3571428571428571,0.9639846796893623
4491,1.0,0.4166666666666667,0.5882352941176471,0.9819923398446812
4492,0.6,1.0,0.7499999999999999,0.9927632582514461
4493,0.5,1.0,0.6666666666666666,0.9109814864274111
4494,0.5,0.7142857142857143,0.588235294117647,0.945875017604171
4495,0.5,1.0,0.6666666666666666,0.9835312892818051
4496,1.0,0.3448275862068966,0.5128205128205129,0.9683809492124369
4497,1.0,0.13513513513513514,0.2380952380952381,0.9910006174745954
4498,0.9,0.47368421052631576,0.6206896551724138,0.9699676318767558
4499,0.4,0.5,0.4444444444444445,0.9658178997078336
45,0.9,0.23076923076923078,0.3673469387755102,0.9323249600187197
450,0.3,0.75,0.4285714285714285,0.9401045905696985
4500,0.3333333333333333,1.0,0.5,0.89034394891531
4501,0.8,0.8,0.8000000000000002,0.9177913384102631
4502,1.0,0.21739130434782608,0.3571428571428571,0.9772086659856518
4503,0.375,1.0,0.5454545454545454,0.9515108382335241
4504,0.6,1.0,0.7499999999999999,0.9546547774305336
4505,0.5,0.3333333333333333,0.4,0.987185737374832
4506,0.8,0.1,0.1777777777777778,0.9192703702514405
4507,0.7,0.30434782608695654,0.42424242424242425,0.9900119826614159
4508,1.0,0.09009009009009009,0.1652892561983471,0.9683809492124369
4509,0.2,0.15384615384615385,0.17391304347826086,0.950447586923794
451,0.9,0.36,0.5142857142857143,0.9918115394479871
4510,0.9,0.056962025316455694,0.10714285714285715,0.9750916819935699
4511,0.9,0.391304347826087,0.5454545454545454,0.9255403252245727
4512,1.0,0.4,0.5714285714285715,0.9887771525272553
4513,0.5714285714285714,1.0,0.7272727272727273,0.9431436910811183
4514,0.9,0.5294117647058824,0.6666666666666667,0.9656340243729868
4515,0.6,1.0,0.7499999999999999,0.9793444269386193
4516,0.8,1.0,0.888888888888889,0.9910006174745954
4517,0.3,0.08108108108108109,0.12765957446808512,0.9664411194496043
4518,0.6,0.75,0.6666666666666665,0.9887771525272553
4519,0.4444444444444444,1.0,0.6153846153846153,0.9336173368396056
452,0.7,0.4666666666666667,0.56,0.990375648425603
4520,1.0,0.2564102564102564,0.4081632653061224,0.9850463729121222
4521,0.9,0.25,0.391304347826087,0.930480552055868
4522,0.8,0.36363636363636365,0.5000000000000001,0.9657144373606007
4523,0.9,0.1836734693877551,0.30508474576271183,0.9603049068612064
4524,0.9,0.34615384615384615,0.5,0.95850761954505
4525,0.5,1.0,0.6666666666666666,0.9642226407822665
4526,1.0,0.5263157894736842,0.6896551724137931,0.9850463729121222
4527,0.75,1.0,0.8571428571428571,0.9999999999999998
4528,0.7,0.875,0.7777777777777777,0.992690656267676
4529,0.6,1.0,0.7499999999999999,0.9258177965804658
453,1.0,0.17857142857142858,0.30303030303030304,0.9800239653228319
4530,0.6,0.75,0.6666666666666665,0.9513756850807762
4531,0.8,0.4,0.5333333333333333,0.9538404584909105
4532,0.9,0.42857142857142855,0.5806451612903225,0.9316493580119439
4533,0.6,0.8571428571428571,0.7058823529411764,0.9402161683387061
4534,0.6,0.5454545454545454,0.5714285714285713,0.9693919513238761
4535,0.4,0.2222222222222222,0.2857142857142857,0.9704771161969166
4536,0.5714285714285714,1.0,0.7272727272727273,0.949654485371961
4537,0.4,1.0,0.5714285714285715,0.9719705792069783
4538,0.75,1.0,0.8571428571428571,0.9110900213230276
4539,0.7,0.875,0.7777777777777777,0.9427703336803742
454,0.9,0.32142857142857145,0.4736842105263158,0.9357589641274954
4540,0.2,0.3333333333333333,0.25,0.9506569800955879
4541,0.9,0.5294117647058824,0.6666666666666667,0.9367642601257683
4542,0.8333333333333334,1.0,0.9090909090909091,0.9535585383789081
4543,1.0,0.09900990099009901,0.18018018018018017,0.9775543050545107
4544,0.5,1.0,0.6666666666666666,0.95850761954505
4545,0.6666666666666666,1.0,0.8,0.9370596847285573
4546,0.4,1.0,0.5714285714285715,0.9557156742953746
4547,0.75,1.0,0.8571428571428571,0.9740419099608659
4548,0.6,1.0,0.7499999999999999,0.883826047376054
4549,0.4,1.0,0.5714285714285715,0.910513761298514
455,0.8,1.0,0.888888888888889,0.8768895840400469
4550,0.6666666666666666,1.0,0.8,0.9784482134700891
4551,0.6,0.6,0.6,0.9670245216608765
4552,0.8,0.7272727272727273,0.761904761904762,0.9776037887344143
4553,0.4,1.0,0.5714285714285715,0.973991506277809
4554,0.4,1.0,0.5714285714285715,0.950849222009975
4555,0.5,0.625,0.5555555555555556,0.9469347370479845
4556,0.9,0.36,0.5142857142857143,0.950872582471445
4557,0.8,0.6666666666666666,0.7272727272727272,0.9511983710138439
4558,0.4,1.0,0.5714285714285715,0.9342514318536989
4559,0.5555555555555556,1.0,0.7142857142857143,0.9455950882827465
456,0.8,0.47058823529411764,0.5925925925925927,0.9458323697038933
4560,0.9,0.32142857142857145,0.4736842105263158,0.9623548488793522
4561,0.7,0.5,0.5833333333333334,0.9530423205896644
4562,0.7,0.18421052631578946,0.29166666666666663,0.9403805588296502
4563,0.5,1.0,0.6666666666666666,0.9508225731014479
4564,0.6666666666666666,1.0,0.8,0.9467107025935284
4565,0.75,1.0,0.8571428571428571,0.9225635687188906
4566,0.8,0.47058823529411764,0.5925925925925927,0.9754136306780333
4567,0.8,0.7272727272727273,0.761904761904762,0.9837040231634792
4568,0.6,0.2222222222222222,0.32432432432432434,0.9284178705758245
4569,0.8,0.5714285714285714,0.6666666666666666,0.9681261057547603
457,0.9,0.28125,0.4285714285714286,0.969633518759356
4570,0.625,1.0,0.7692307692307693,0.9483130623853653
4571,0.3,0.6,0.4,0.9611499012727941
4572,0.4,0.5,0.4444444444444445,0.9195395233473876
4573,0.6,0.35294117647058826,0.4444444444444445,0.9238751849962117
4574,0.7,1.0,0.8235294117647058,0.9368353168656508
4575,1.0,1.0,1.0,0.9815080985466357
4576,0.4,1.0,0.5714285714285715,0.9999999999999998
4577,0.8,0.47058823529411764,0.5925925925925927,0.9886752707345026
4578,1.0,0.13333333333333333,0.23529411764705882,0.966331457581766
4579,1.0,0.11363636363636363,0.20408163265306123,0.966331457581766
458,0.3333333333333333,1.0,0.5,0.9877363063839931
4580,0.9,0.4090909090909091,0.5625000000000001,0.9476723049203274
4581,0.5,0.7142857142857143,0.588235294117647,0.9413381285805331
4582,0.4,1.0,0.5714285714285715,0.950872582471445
4583,0.6666666666666666,1.0,0.8,0.9586636195124882
4584,0.4,1.0,0.5714285714285715,0.9704771161969166
4585,0.8,0.17391304347826086,0.2857142857142857,0.9518091987243734
4586,0.4,0.8,0.5333333333333333,0.935194964159999
4587,0.5555555555555556,1.0,0.7142857142857143,0.9690050796092893
4588,0.4,1.0,0.5714285714285715,0.9700537533456463
4589,0.8,0.5,0.6153846153846154,0.9820012349491912
459,0.42857142857142855,1.0,0.6,0.901925686190477
4590,0.3,1.0,0.4615384615384615,0.9789546892969045
4591,0.7,0.15555555555555556,0.2545454545454545,0.9384237919510994
4592,0.7,0.3181818181818182,0.4375,0.9547431886631494
4593,0.5,0.20833333333333334,0.29411764705882354,0.9459247384371884
4594,0.625,1.0,0.7692307692307693,0.9111326410751396
4595,0.7,0.6363636363636364,0.6666666666666666,0.9800239653228319
4596,0.9,0.5,0.6428571428571429,0.950447586923794
4597,0.4,1.0,0.5714285714285715,0.8854209057471718
4598,0.9,0.6428571428571429,0.75,0.9686346084460425
4599,0.7,1.0,0.8235294117647058,0.8778783227870885
46,0.8888888888888888,1.0,0.9411764705882353,1.0
460,0.7,1.0,0.8235294117647058,0.8863545708958224
4600,0.7,0.2916666666666667,0.4117647058823529,0.9549111288002137
4601,0.7,0.5384615384615384,0.608695652173913,0.9456484324993235
4602,0.2,0.3333333333333333,0.25,0.9714321564015603
4603,0.625,1.0,0.7692307692307693,0.9810791685866886
4604,0.6,0.75,0.6666666666666665,0.9460018310376288
4605,0.7,0.4666666666666667,0.56,0.9667088378158987
4606,0.3,0.42857142857142855,0.3529411764705882,0.9536026331797691
4607,0.9,0.1232876712328767,0.21686746987951808,0.9642472930334256
4608,0.6,0.5,0.5454545454545454,0.9798737744279654
4609,0.9,0.2647058823529412,0.40909090909090906,0.9084748605570315
461,0.9,0.23684210526315788,0.375,0.9775923785719159
4610,0.6,0.42857142857142855,0.5,0.9594980509494236
4611,0.8,0.2,0.32000000000000006,0.8893778818795841
4612,0.5,1.0,0.6666666666666666,0.9254352365164299
4613,0.6,0.46153846153846156,0.5217391304347826,0.9205316513655473
4614,0.8,1.0,0.888888888888889,0.9398056898668248
4615,0.8,0.5714285714285714,0.6666666666666666,0.9366823046670874
4616,0.5714285714285714,1.0,0.7272727272727273,0.973485923448498
4617,0.4,0.5714285714285714,0.47058823529411764,0.9281044964101198
4618,0.8,0.8,0.8000000000000002,0.9651120650878167
4619,0.5,0.45454545454545453,0.47619047619047616,0.9064646172243828
462,0.7,0.3181818181818182,0.4375,0.9617844936390109
4620,0.9,0.391304347826087,0.5454545454545454,0.9398810916827858
4621,0.9,0.47368421052631576,0.6206896551724138,0.9476723049203274
4622,0.2,1.0,0.33333333333333337,0.9479059865659346
4623,0.5,1.0,0.6666666666666666,0.9840854619610795
4624,0.9,0.9,0.9,0.9837728234268082
4625,0.2,0.2857142857142857,0.23529411764705882,0.855244874207715
4626,0.5,0.12195121951219512,0.19607843137254902,0.943342672713902
4627,0.9,0.6428571428571429,0.75,0.95329412838341
4628,0.25,1.0,0.4,0.9999999999999998
4629,0.5714285714285714,1.0,0.7272727272727273,0.9582053945301783
463,0.8,0.6666666666666666,0.7272727272727272,0.9366823046670874
4630,0.5,1.0,0.6666666666666666,0.9181096750033023
4631,0.7,0.5833333333333334,0.6363636363636365,0.9284410298876923
4632,0.6,0.8571428571428571,0.7058823529411764,0.9494280930388427
4633,0.7,0.5833333333333334,0.6363636363636365,0.9712218319553092
4634,0.9,0.47368421052631576,0.6206896551724138,0.9918115394479871
4635,0.7,0.1590909090909091,0.25925925925925924,0.9466970991111561
4636,0.4,1.0,0.5714285714285715,1.0
4637,1.0,0.19230769230769232,0.32258064516129037,0.9775543050545107
4638,0.375,1.0,0.5454545454545454,0.8955930292516019
4639,0.7,1.0,0.8235294117647058,0.9578902112437672
464,0.6,0.6,0.6,0.9692050156421278
4640,0.6,0.35294117647058826,0.4444444444444445,0.8713294501141472
4641,0.25,1.0,0.4,0.9224661824737718
4642,0.5714285714285714,1.0,0.7272727272727273,0.927344611401855
4643,0.4,0.25,0.3076923076923077,0.8759716946160845
4644,0.7,0.35,0.4666666666666667,0.9194157888738396
4645,1.0,0.625,0.7692307692307693,0.9999999999999997
4646,0.375,1.0,0.5454545454545454,0.9710309290372899
4647,0.9,0.1111111111111111,0.1978021978021978,0.9013781938475625
4648,0.625,1.0,0.7692307692307693,0.9644376233958947
4649,0.7142857142857143,1.0,0.8333333333333333,0.9565331034685116
465,0.625,1.0,0.7692307692307693,0.8866517805791225
4650,0.5,0.35714285714285715,0.41666666666666663,0.9673479050495373
4651,0.6666666666666666,1.0,0.8,0.9485318332685586
4652,0.5,1.0,0.6666666666666666,0.9729375088020854
4653,0.9,0.25,0.391304347826087,0.9433451132486834
4654,0.3,0.6,0.4,0.9403335700655459
4655,1.0,0.19607843137254902,0.3278688524590164,0.9700927458242443
4656,0.9,0.28125,0.4285714285714286,0.9704771161969166
4657,0.6666666666666666,0.8,0.7272727272727272,0.9120460411319494
4658,0.7,0.14893617021276595,0.24561403508771928,0.9546614298330399
4659,0.7,0.35,0.4666666666666667,0.9800239653228319
466,0.9,0.2647058823529412,0.40909090909090906,0.9401045905696985
4660,0.3333333333333333,1.0,0.5,0.9243115385823774
4661,0.3,0.3333333333333333,0.3157894736842105,0.9819923398446812
4662,0.8,0.38095238095238093,0.5161290322580645,0.9883476131347544
4663,0.6,0.15384615384615385,0.2448979591836735,0.9857661908089422
4664,0.375,1.0,0.5454545454545454,0.9586831842652039
4665,0.4,1.0,0.5714285714285715,0.9439411584139565
4666,0.5,0.1282051282051282,0.2040816326530612,0.8898970398692984
4667,0.75,1.0,0.8571428571428571,0.9884356913083785
4668,0.42857142857142855,1.0,0.6,0.9165799139517483
4669,0.5555555555555556,1.0,0.7142857142857143,0.995389989204013
467,0.6,0.75,0.6666666666666665,0.8846434534139407
4670,0.6,0.5454545454545454,0.5714285714285713,0.9616027905131287
4671,0.9,0.34615384615384615,0.5,0.9611499012727941
4672,0.8,1.0,0.888888888888889,0.9035609561708469
4673,1.0,0.15384615384615385,0.2666666666666667,0.9820012349491912
4674,0.7,0.6363636363636364,0.6666666666666666,0.9440168547575364
4675,1.0,0.24390243902439024,0.39215686274509803,0.9700927458242443
4676,0.5714285714285714,1.0,0.7272727272727273,0.8608860144316525
4677,0.2,1.0,0.33333333333333337,1.0
4678,0.8,0.7272727272727273,0.761904761904762,0.9754136306780333
4679,0.6,0.8571428571428571,0.7058823529411764,0.9566548352805092
468,0.6666666666666666,1.0,0.8,0.9141843011830268
4680,0.8,0.18604651162790697,0.3018867924528302,0.9751916460416523
4681,0.6,0.2857142857142857,0.3870967741935483,0.941245063628505
4682,0.8,0.08791208791208792,0.15841584158415845,0.9095157328983594
4683,0.5,0.8333333333333334,0.625,0.8430636807685652
4684,0.8,1.0,0.888888888888889,0.9904198418056278
4685,0.5,0.3125,0.38461538461538464,0.9193114307270754
4686,0.5,0.45454545454545453,0.47619047619047616,0.9837728234268082
4687,0.8,0.6153846153846154,0.6956521739130435,0.9820012349491912
4688,0.9,0.5,0.6428571428571429,0.9684679245636906
4689,0.7,0.7777777777777778,0.7368421052631577,0.9589735623741087
469,0.7,1.0,0.8235294117647058,0.9872360858191486
4690,0.7,0.7777777777777778,0.7368421052631577,0.9184726487489852
4691,0.7,0.875,0.7777777777777777,0.8608855467818176
4692,0.14285714285714285,1.0,0.25,1.0
4693,0.7,1.0,0.8235294117647058,0.95402857441048
4694,0.8,0.8888888888888888,0.8421052631578948,0.9755150895700179
4695,0.5,1.0,0.6666666666666666,0.9697056062785869
4696,0.3333333333333333,1.0,0.5,0.9740372349705576
4697,0.4,0.3076923076923077,0.34782608695652173,0.938532686481868
4698,0.6666666666666666,1.0,0.8,0.8741193694571147
4699,0.6,0.6,0.6,0.9326936015933845
47,0.8,1.0,0.888888888888889,0.9505804787723792
470,0.5,0.625,0.5555555555555556,0.9027532048731709
4700,0.5,0.35714285714285715,0.41666666666666663,0.8631188675373446
4701,0.6,0.6666666666666666,0.631578947368421,0.9277833928166497
4702,0.7777777777777778,1.0,0.8750000000000001,0.9204949880612956
4703,0.4,1.0,0.5714285714285715,0.9052384522482392
4704,0.7,0.2916666666666667,0.4117647058823529,0.9812818653571177
4705,0.8,0.26666666666666666,0.4,0.925605012172258
4706,0.5,0.625,0.5555555555555556,0.9643397364057037
4707,0.5555555555555556,1.0,0.7142857142857143,0.8582908120830084
4708,1.0,0.1694915254237288,0.2898550724637681,0.9775543050545107
4709,0.5,0.8333333333333334,0.625,0.9376629196316272
471,0.9,0.8181818181818182,0.8571428571428572,0.9655471885082402
4710,0.7142857142857143,1.0,0.8333333333333333,0.9187347916188392
4711,0.7,0.4375,0.5384615384615384,0.9650030946702502
4712,0.5714285714285714,0.8,0.6666666666666666,0.9339271757750349
4713,0.8,1.0,0.888888888888889,0.9574327349973999
4714,0.7,0.875,0.7777777777777777,0.8985507719910948
4715,0.9,0.1323529411764706,0.23076923076923075,0.9603049068612064
4716,0.7,0.875,0.7777777777777777,0.978567340715506
4717,0.2,0.5,0.28571428571428575,0.9506224488010795
4718,0.3,0.375,0.33333333333333326,0.9786130977095785
4719,0.8571428571428571,1.0,0.923076923076923,0.9847071169546228
472,0.5555555555555556,1.0,0.7142857142857143,0.9547527103534742
4720,0.5,1.0,0.6666666666666666,0.9729375088020854
4721,0.7,0.6363636363636364,0.6666666666666666,0.9042138003089617
4722,0.5714285714285714,1.0,0.7272727272727273,0.9557046345256379
4723,0.7142857142857143,1.0,0.8333333333333333,0.9986118199111442
4724,0.7142857142857143,1.0,0.8333333333333333,0.9203890078187001
4725,0.2,0.058823529411764705,0.0909090909090909,0.9465579190634827
4726,0.7,0.1891891891891892,0.2978723404255319,0.9288132157157464
4727,0.5,1.0,0.6666666666666666,0.9612620374367372
4728,0.2,0.028985507246376812,0.05063291139240506,0.9648423081821228
4729,0.8,0.2222222222222222,0.3478260869565218,0.9368104005576843
473,0.6,1.0,0.7499999999999999,0.9887771525272553
4730,0.6666666666666666,1.0,0.8,0.9618798548246541
4731,0.5,0.8333333333333334,0.625,0.8729574845039328
4732,1.0,0.11904761904761904,0.21276595744680848,0.9743714747496639
4733,0.7,0.6363636363636364,0.6666666666666666,0.9999999999999999
4734,0.6,0.3,0.4,0.9439052477081101
4735,0.4,0.5,0.4444444444444445,0.9700927458242443
4736,1.0,0.2857142857142857,0.4444444444444445,0.966331457581766
4737,0.6,0.5454545454545454,0.5714285714285713,0.9544962165025916
4738,0.6,0.35294117647058826,0.4444444444444445,0.917321252564939
4739,0.5,0.5,0.5,0.9180096606726466
474,0.8,0.32,0.45714285714285713,0.9394457156650141
4740,0.7,1.0,0.8235294117647058,0.9504153796782223
4741,0.8,1.0,0.888888888888889,0.9636972992920535
4742,0.8,0.36363636363636365,0.5000000000000001,0.9301955153894367
4743,0.8333333333333334,1.0,0.9090909090909091,0.908411455058034
4744,0.8,0.8888888888888888,0.8421052631578948,0.9608415691338051
4745,0.6,0.5454545454545454,0.5714285714285713,0.9652320325164023
4746,0.6,0.5,0.5454545454545454,0.9241358836672264
4747,0.8,0.32,0.45714285714285713,0.9789368001858949
4748,0.6,0.13333333333333333,0.2181818181818182,0.9415980032759194
4749,0.75,1.0,0.8571428571428571,1.0
475,0.9,0.2647058823529412,0.40909090909090906,0.9765981605138886
4750,1.0,0.2777777777777778,0.4347826086956522,0.9551391187363665
4751,0.5,1.0,0.6666666666666666,0.9798881187215076
4752,0.4,1.0,0.5714285714285715,0.9402712196266868
4753,0.6,0.8571428571428571,0.7058823529411764,0.9537038240564029
4754,0.9,0.3333333333333333,0.48648648648648646,0.95850761954505
4755,0.6,1.0,0.7499999999999999,0.9566893647990653
4756,0.5,1.0,0.6666666666666666,0.8944597506953285
4757,0.3,0.375,0.33333333333333326,0.9219351743036102
4758,0.4,1.0,0.5714285714285715,0.9731455036998373
4759,0.6,1.0,0.7499999999999999,0.9973642530556738
476,0.9,0.14516129032258066,0.25,0.9817629961853291
4760,0.6,0.8571428571428571,0.7058823529411764,0.9711991013868996
4761,0.25,1.0,0.4,0.8976360586374053
4762,0.8,0.7272727272727273,0.761904761904762,0.9506224488010795
4763,0.7,0.875,0.7777777777777777,0.9582501693332554
4764,0.375,1.0,0.5454545454545454,0.9553756886368805
4765,0.5,0.25,0.3333333333333333,0.9707341605094479
4766,0.4444444444444444,1.0,0.6153846153846153,0.8607183330886453
4767,0.5,1.0,0.6666666666666666,0.9431962468596604
4768,0.5,0.7142857142857143,0.588235294117647,0.9712998461843051
4769,0.7,0.875,0.7777777777777777,0.9156316478859845
477,0.8,0.47058823529411764,0.5925925925925927,0.9415980032759194
4770,0.7142857142857143,1.0,0.8333333333333333,0.9612155307959912
4771,0.8,0.11428571428571428,0.19999999999999998,0.9171914633571588
4772,0.9,0.5625,0.6923076923076923,0.9828170121864932
4773,0.4,0.5,0.4444444444444445,0.9485716560409011
4774,0.8,0.32,0.45714285714285713,0.9820012349491912
4775,0.75,1.0,0.8571428571428571,0.9694477608956488
4776,1.0,1.0,1.0,0.9999999999999999
4777,0.375,1.0,0.5454545454545454,0.9810802463865407
4778,0.5,1.0,0.6666666666666666,0.8921274243445227
4779,0.3,0.2,0.24,0.9192703702514405
478,0.3,1.0,0.4615384615384615,0.9368104005576843
4780,0.7,0.4375,0.5384615384615384,0.9640414705862743
4781,0.7777777777777778,1.0,0.8750000000000001,0.9763910196508404
4782,0.7,0.4375,0.5384615384615384,0.9317108427529786
4783,0.5,1.0,0.6666666666666666,0.945113471801144
4784,0.8,0.13793103448275862,0.2352941176470588,0.9608415691338051
4785,0.9,0.2,0.32727272727272727,0.9730273984566121
4786,1.0,0.2127659574468085,0.3508771929824561,0.9487429494993278
4787,0.3333333333333333,1.0,0.5,0.9327379053617763
4788,0.7,0.28,0.4,0.9469070377875646
4789,0.9,0.3103448275862069,0.4615384615384615,0.95329412838341
479,0.5,0.625,0.5555555555555556,0.9440492692413881
4790,0.8,0.25,0.38095238095238093,0.9398257009614546
4791,0.7,0.4117647058823529,0.5185185185185185,0.8734788311098086
4792,0.8,1.0,0.888888888888889,0.9613552676779333
4793,0.6,0.46153846153846156,0.5217391304347826,0.9628584939855974
4794,0.6,0.6,0.6,0.9642472930334256
4795,0.6,0.5454545454545454,0.5714285714285713,0.9538404584909105
4796,0.9,0.20454545454545456,0.33333333333333337,0.9176702077017158
4797,0.5,1.0,0.6666666666666666,0.987367398059121
4798,0.7,0.5,0.5833333333333334,0.9263307986188661
4799,0.1,0.3333333333333333,0.15384615384615383,0.900857014567986
48,0.5,0.15151515151515152,0.23255813953488375,0.9510218575743057
480,0.8,0.7272727272727273,0.761904761904762,0.93576055365419
4800,0.7,0.2413793103448276,0.358974358974359,0.9454913860401809
4801,0.9,0.25,0.391304347826087,0.9918115394479871
4802,0.7,0.14583333333333334,0.2413793103448276,0.9700359479842476
4803,0.5,1.0,0.6666666666666666,0.9888100837980461
4804,0.8,1.0,0.888888888888889,0.9565058592461858
4805,0.42857142857142855,1.0,0.6,0.8104805965670927
4806,0.8,0.36363636363636365,0.5000000000000001,0.9578736003717896
4807,0.7,0.5833333333333334,0.6363636363636365,0.8628475056504274
4808,0.5,0.09433962264150944,0.15873015873015875,0.8891120949283099
4809,0.9,0.3333333333333333,0.48648648648648646,0.950447586923794
481,0.6,0.24,0.34285714285714286,0.8903212258835447
4810,0.9,0.32142857142857145,0.4736842105263158,0.9080461961175895
4811,0.6666666666666666,1.0,0.8,0.9770413889920807
4812,0.6,0.46153846153846156,0.5217391304347826,0.9235025235090905
4813,0.2,0.2222222222222222,0.2105263157894737,0.8716792199692766
4814,1.0,0.7142857142857143,0.8333333333333333,0.9639846796893623
4815,0.6,0.24,0.34285714285714286,0.9373122795907229
4816,0.4,0.1111111111111111,0.1739130434782609,0.9700927458242443
4817,0.8,0.6666666666666666,0.7272727272727272,0.9630204353863241
4818,0.6,1.0,0.7499999999999999,0.9145952561729114
4819,0.9,0.12162162162162163,0.2142857142857143,0.9801143341415294
482,0.7,0.10294117647058823,0.1794871794871795,0.9317108427529786
4820,0.5,1.0,0.6666666666666666,0.9504013950155414
4821,0.8,0.42105263157894735,0.5517241379310345,0.9398257009614546
4822,0.6666666666666666,1.0,0.8,0.814111614677697
4823,0.8,0.1951219512195122,0.3137254901960785,0.975047778117061
4824,0.9,0.2727272727272727,0.41860465116279066,0.9361111405699033
4825,0.6,1.0,0.7499999999999999,0.9311369667160502
4826,1.0,0.38461538461538464,0.5555555555555556,0.9850463729121222
4827,0.5,0.8333333333333334,0.625,0.9673479050495373
4828,0.5,0.8333333333333334,0.625,0.9485801396927048
4829,0.8,0.17777777777777778,0.2909090909090909,0.9657144373606007
483,0.5,1.0,0.6666666666666666,0.9835083708051632
4830,0.9,0.6,0.7200000000000001,0.9684679245636906
4831,0.5,0.22727272727272727,0.3125,0.9472961814123807
4832,0.9,0.5,0.6428571428571429,0.9572926150176663
4833,0.3,0.5,0.37499999999999994,0.9255403252245727
4834,0.7,0.21212121212121213,0.3255813953488372,0.9237405224186584
4835,0.6,0.6,0.6,0.9817087234300781
4836,0.7,0.875,0.7777777777777777,0.9792986707067958
4837,0.5,0.1724137931034483,0.25641025641025644,0.9948127706346086
4838,0.625,1.0,0.7692307692307693,0.9290690370476168
4839,0.8,1.0,0.888888888888889,0.9655258055308201
484,0.42857142857142855,1.0,0.6,0.9216248303652503
4840,0.3,0.5,0.37499999999999994,0.9789546892969045
4841,0.5,0.4166666666666667,0.45454545454545453,0.912961902702855
4842,0.7,0.875,0.7777777777777777,0.96107306903981
4843,0.7,0.4375,0.5384615384615384,0.9434753488717825
4844,0.5,1.0,0.6666666666666666,0.8728767055860646
4845,1.0,0.47619047619047616,0.6451612903225806,0.9775543050545107
4846,0.6666666666666666,1.0,0.8,0.8845029021649359
4847,0.2,0.4,0.26666666666666666,0.9772086659856518
4848,0.9,1.0,0.9473684210526316,0.9027924462399983
4849,1.0,0.38461538461538464,0.5555555555555556,0.9683809492124369
485,0.6666666666666666,1.0,0.8,0.9660615001014824
4850,0.625,1.0,0.7692307692307693,0.9727054444991704
4851,0.2,1.0,0.33333333333333337,0.9479059865659346
4852,0.8,0.24242424242424243,0.372093023255814,0.9787375553036372
4853,0.75,1.0,0.8571428571428571,0.9164122000129225
4854,0.8,0.36363636363636365,0.5000000000000001,0.9410422906067071
4855,0.5,0.3125,0.38461538461538464,0.9465334552598599
4856,0.7,0.7777777777777778,0.7368421052631577,0.9520825636127673
4857,0.4,0.6666666666666666,0.5,0.9966083516604417
4858,0.5,0.625,0.5555555555555556,0.9743714747496639
4859,0.6666666666666666,1.0,0.8,0.9585072610036207
486,0.375,1.0,0.5454545454545454,0.9776029378786635
4860,0.2,1.0,0.33333333333333337,0.9548403769343636
4861,1.0,0.37037037037037035,0.5405405405405406,0.9700927458242443
4862,0.5,0.5555555555555556,0.5263157894736842,0.9182136722453076
4863,0.7142857142857143,1.0,0.8333333333333333,0.9618274357238694
4864,0.7142857142857143,1.0,0.8333333333333333,0.9392392906015941
4865,0.5,0.19230769230769232,0.2777777777777778,0.8967519477988064
4866,0.3,0.75,0.4285714285714285,0.9433451132486834
4867,1.0,0.11363636363636363,0.20408163265306123,0.9639846796893623
4868,0.7,0.35,0.4666666666666667,0.9486490628870407
4869,0.7,0.22580645161290322,0.3414634146341463,0.9403805588296502
487,0.6,1.0,0.7499999999999999,0.9789897775369817
4870,1.0,0.5,0.6666666666666666,1.0
4871,0.6,1.0,0.7499999999999999,0.937548736468173
4872,0.5555555555555556,1.0,0.7142857142857143,0.9482157938861128
4873,0.8333333333333334,1.0,0.9090909090909091,0.9701352491359664
4874,0.7142857142857143,1.0,0.8333333333333333,0.9860048480966981
4875,0.8,0.6666666666666666,0.7272727272727272,0.940192863600482
4876,0.75,1.0,0.8571428571428571,0.9413135976132114
4877,0.6,0.6,0.6,0.940192863600482
4878,0.5555555555555556,1.0,0.7142857142857143,0.9282213852056306
4879,0.9,0.15789473684210525,0.26865671641791045,0.9789546892969045
488,0.4,1.0,0.5714285714285715,0.9315838453573961
4880,0.6,1.0,0.7499999999999999,0.8761369874500209
4881,0.8,1.0,0.888888888888889,0.977772496389062
4882,0.6,0.2222222222222222,0.32432432432432434,0.9369693326109447
4883,0.5,1.0,0.6666666666666666,0.9440551691211398
4884,0.7,0.14,0.23333333333333336,0.9828067424551706
4885,0.3333333333333333,1.0,0.5,0.9732631940950072
4886,0.8,0.5333333333333333,0.64,0.9363324874308429
4887,0.7,0.1891891891891892,0.2978723404255319,0.9138373419081225
4888,0.9,0.2571428571428571,0.39999999999999997,0.9918115394479871
4889,0.6,0.2222222222222222,0.32432432432432434,0.9887771525272553
489,0.4,1.0,0.5714285714285715,0.8651148251948991
4890,0.8,0.4,0.5333333333333333,0.9552398675935881
4891,0.3333333333333333,1.0,0.5,0.9366252119492048
4892,0.7,0.4375,0.5384615384615384,0.8714883228886608
4893,0.3,0.5,0.37499999999999994,0.9543504308639281
4894,0.4444444444444444,1.0,0.6153846153846153,0.9189686101362317
4895,0.6,0.6666666666666666,0.631578947368421,0.9513756850807762
4896,0.7777777777777778,1.0,0.8750000000000001,0.9453757684485832
4897,0.8,0.22857142857142856,0.3555555555555555,0.9874482548586274
4898,1.0,0.25,0.4,1.0
4899,0.8,0.3333333333333333,0.47058823529411764,0.9524353188154729
49,0.8,0.5333333333333333,0.64,0.9192703702514405
490,0.9,0.75,0.8181818181818182,0.9680555702849517
4900,0.4,1.0,0.5714285714285715,0.9462910073996746
4901,0.9,0.3103448275862069,0.4615384615384615,0.9643904239517789
4902,0.9,0.5625,0.6923076923076923,0.9623548488793522
4903,0.6,0.8571428571428571,0.7058823529411764,0.8910482908710781
4904,0.7,0.13725490196078433,0.2295081967213115,0.978567340715506
4905,0.7,0.5384615384615384,0.608695652173913,0.8939274106298842
4906,0.8,0.21052631578947367,0.3333333333333333,0.9681261057547603
4907,0.6,0.3,0.4,0.8506876747943405
4908,0.4,0.36363636363636365,0.380952380952381,0.95329412838341
4909,0.8,0.47058823529411764,0.5925925925925927,0.9985948603245625
491,0.4,1.0,0.5714285714285715,0.8363940664489666
4910,0.5,1.0,0.6666666666666666,0.9314103740485841
4911,0.6,0.75,0.6666666666666665,0.9378340830822198
4912,0.6,1.0,0.7499999999999999,0.8959854634357977
4913,0.6666666666666666,1.0,0.8,0.9599610617186662
4914,0.5,1.0,0.6666666666666666,0.9013515873048095
4915,0.5,0.5,0.5,0.9372839414573464
4916,0.6,0.4,0.48,0.8716639358115451
4917,0.6,0.24,0.34285714285714286,0.9817795605647968
4918,0.8,0.25,0.38095238095238093,0.9578736003717896
4919,0.5,1.0,0.6666666666666666,0.9154408695622821
492,0.5714285714285714,1.0,0.7272727272727273,0.9735258796811931
4920,0.5,1.0,0.6666666666666666,0.8859608640376959
4921,0.4,0.2857142857142857,0.3333333333333333,0.9803954662745283
4922,1.0,0.37037037037037035,0.5405405405405406,0.9615572121244959
4923,0.6666666666666666,1.0,0.8,0.9437096722681818
4924,0.4444444444444444,1.0,0.6153846153846153,0.9520583536279217
4925,0.7777777777777778,1.0,0.8750000000000001,0.9897624406273914
4926,0.2,1.0,0.33333333333333337,0.9599115385551773
4927,0.7,0.3684210526315789,0.48275862068965514,0.9024488017759924
4928,0.7,0.2413793103448276,0.358974358974359,0.9479238766711323
4929,0.6666666666666666,1.0,0.8,1.0
493,0.8,0.3076923076923077,0.4444444444444444,0.9157032617755517
4930,0.8,0.5714285714285714,0.6666666666666666,0.9681261057547603
4931,0.4,0.8,0.5333333333333333,0.9700927458242443
4932,0.9,0.2,0.32727272727272727,0.9643904239517789
4933,1.0,0.24390243902439024,0.39215686274509803,0.9850463729121222
4934,0.6,0.375,0.4615384615384615,0.948336210780089
4935,0.4,1.0,0.5714285714285715,0.8935596748835609
4936,0.625,1.0,0.7692307692307693,0.9894295129616637
4937,0.4,0.3076923076923077,0.34782608695652173,0.9700927458242443
4938,0.75,1.0,0.8571428571428571,0.9315050268447754
4939,1.0,0.47619047619047616,0.6451612903225806,0.9743714747496639
494,0.8,0.42105263157894735,0.5517241379310345,0.9812151062541489
4940,1.0,0.24390243902439024,0.39215686274509803,0.9772086659856518
4941,0.7142857142857143,1.0,0.8333333333333333,0.8457796484571405
4942,0.8,0.25806451612903225,0.3902439024390244,0.9235386336530262
4943,0.8,1.0,0.888888888888889,0.9808013351449676
4944,0.6,1.0,0.7499999999999999,0.9554517412238143
4945,0.7,0.35,0.4666666666666667,0.9459115371309813
4946,0.8,0.2857142857142857,0.4210526315789473,0.9630877223876576
4947,0.6,0.8571428571428571,0.7058823529411764,0.966331457581766
4948,0.5,0.1111111111111111,0.1818181818181818,0.8950862133066578
4949,0.625,1.0,0.7692307692307693,0.9571989706293929
495,0.5555555555555556,1.0,0.7142857142857143,0.9338059113824156
4950,0.8,0.14545454545454545,0.24615384615384614,0.9506224488010795
4951,0.8,0.2222222222222222,0.3478260869565218,0.9511983710138439
4952,0.8,0.5333333333333333,0.64,0.9718904611701721
4953,0.9,0.3103448275862069,0.4615384615384615,0.9623548488793522
4954,0.7,0.5833333333333334,0.6363636363636365,0.9510777237757764
4955,0.3333333333333333,1.0,0.5,0.9163870759157177
4956,0.8,0.22857142857142856,0.3555555555555555,0.9732457461129788
4957,0.9,0.21428571428571427,0.3461538461538461,0.938532686481868
4958,0.4,0.08,0.13333333333333333,0.8854384416278999
4959,0.6,0.46153846153846156,0.5217391304347826,0.9765981605138886
496,0.4,0.36363636363636365,0.380952380952381,0.9828170121864932
4960,0.1,0.3333333333333333,0.15384615384615383,0.9683809492124369
4961,0.3,0.23076923076923078,0.2608695652173913,0.9259199640088629
4962,0.9,0.3333333333333333,0.48648648648648646,0.9707341605094479
4963,1.0,0.625,0.7692307692307693,0.9800239653228319
4964,1.0,0.24390243902439024,0.39215686274509803,0.9544173319713032
4965,0.5,0.5555555555555556,0.5263157894736842,0.9325755209248788
4966,0.7,1.0,0.8235294117647058,0.9425373807155994
4967,0.7,0.6363636363636364,0.6666666666666666,0.9715252862862984
4968,0.6666666666666666,1.0,0.8,0.9835614812705606
4969,0.5,1.0,0.6666666666666666,0.8262738621265803
497,0.8,1.0,0.888888888888889,0.977772496389062
4970,0.5,1.0,0.6666666666666666,0.9552053346731482
4971,0.4,0.6666666666666666,0.5,0.9537127335807103
4972,0.9,0.24324324324324326,0.3829787234042553,0.945875017604171
4973,0.7,0.4666666666666667,0.56,0.9403805588296502
4974,0.6666666666666666,1.0,0.8,0.7445223309393414
4975,0.8,0.3333333333333333,0.47058823529411764,0.9789368001858949
4976,0.7,0.7777777777777778,0.7368421052631577,0.9444469328060976
4977,0.7,0.4117647058823529,0.5185185185185185,0.9434753488717825
4978,0.4,0.5714285714285714,0.47058823529411764,0.9240002096465942
4979,1.0,0.12048192771084337,0.21505376344086022,0.9918115394479871
498,0.9,0.5294117647058824,0.6666666666666667,0.9643904239517789
4980,0.9,0.3103448275862069,0.4615384615384615,0.9548403769343636
4981,0.5,0.22727272727272727,0.3125,0.945875017604171
4982,0.875,1.0,0.9333333333333333,1.0
4983,0.7,0.3684210526315789,0.48275862068965514,0.9617844936390109
4984,0.6,0.35294117647058826,0.4444444444444445,0.9356322812689142
4985,0.8,0.4,0.5333333333333333,0.9886752707345026
4986,0.5,1.0,0.6666666666666666,0.9964946217438897
4987,0.6,1.0,0.7499999999999999,0.9140653756513112
4988,0.3333333333333333,1.0,0.5,0.9740372349705576
4989,0.4,0.8,0.5333333333333333,0.9551391187363665
499,0.5,0.2631578947368421,0.3448275862068966,0.8991005973540792
4990,0.5,1.0,0.6666666666666666,0.9875958230208262
4991,0.75,1.0,0.8571428571428571,0.971511764547191
4992,0.6,1.0,0.7499999999999999,0.9637171025078475
4993,0.7,1.0,0.8235294117647058,0.9578902112437672
4994,0.9,0.5625,0.6923076923076923,0.9918115394479871
4995,0.4,0.13793103448275862,0.20512820512820515,0.95794084235259
4996,0.5,1.0,0.6666666666666666,0.9291457288858035
4997,0.6,0.8571428571428571,0.7058823529411764,0.8469183756632248
4998,0.2,0.3333333333333333,0.25,0.9730273984566121
4999,0.6,0.6666666666666666,0.631578947368421,0.9727601985864504
5,0.7,0.3333333333333333,0.45161290322580644,0.9210310092251621
50,0.3333333333333333,1.0,0.5,0.9391339192412085
500,0.8,0.5714285714285714,0.6666666666666666,0.9856499230921526
5000,0.7,0.22580645161290322,0.3414634146341463,0.9800239653228319
5001,0.5,0.35714285714285715,0.41666666666666663,0.9621021941773628
5002,0.8,0.3076923076923077,0.4444444444444444,0.9620669832973471
5003,0.42857142857142855,1.0,0.6,0.980006960396586
5004,0.4444444444444444,1.0,0.6153846153846153,0.9275304900346533
5005,0.7,0.1794871794871795,0.2857142857142857,0.940696953698938
5006,0.3333333333333333,1.0,0.5,0.9415909916074453
5007,0.8,1.0,0.888888888888889,0.9823377951878006
5008,0.9,0.28125,0.4285714285714286,0.9544962165025916
5009,0.7,0.875,0.7777777777777777,0.9798074606117037
501,0.6,1.0,0.7499999999999999,0.8839055444859982
5010,0.8,1.0,0.888888888888889,0.9424232261232384
5011,0.9,0.09782608695652174,0.17647058823529413,0.9937651092415973
5012,0.25,1.0,0.4,0.9447927969049059
5013,0.9,0.8181818181818182,0.8571428571428572,0.9730273984566121
5014,0.7,0.7,0.7,0.9456484324993235
5015,0.9,0.0967741935483871,0.17475728155339806,0.9789546892969045
5016,0.4,0.5714285714285714,0.47058823529411764,0.8767507796435754
5017,0.375,1.0,0.5454545454545454,0.9158607533016756
5018,1.0,0.2222222222222222,0.3636363636363636,0.9544173319713032
5019,0.7,0.4117647058823529,0.5185185185185185,0.9132047750793117
502,0.8,1.0,0.888888888888889,0.9378684116355183
5020,0.8,0.6666666666666666,0.7272727272727272,0.9605431806903137
5021,0.9,0.47368421052631576,0.6206896551724138,0.9476723049203274
5022,0.7142857142857143,1.0,0.8333333333333333,0.9860048480966981
5023,0.7,0.5,0.5833333333333334,0.9169470747900178
5024,0.8,0.6666666666666666,0.7272727272727272,0.9398257009614546
5025,0.4,0.5,0.4444444444444445,0.9696180716590156
5026,0.8,0.0761904761904762,0.13913043478260873,0.8764308414640216
5027,0.5,1.0,0.6666666666666666,0.8197866090091709
5028,0.2,1.0,0.33333333333333337,0.9872178308375216
5029,0.7,0.35,0.4666666666666667,0.9562808995633874
503,0.6666666666666666,1.0,0.8,0.9889425790155763
5030,0.5,1.0,0.6666666666666666,0.9622153427500043
5031,0.9,0.8181818181818182,0.8571428571428572,0.9730273984566121
5032,0.3,0.42857142857142855,0.3529411764705882,0.9757141666179198
5033,0.7777777777777778,0.875,0.823529411764706,0.9371273596171804
5034,0.3,0.3333333333333333,0.3157894736842105,0.9639846796893623
5035,0.5,0.19230769230769232,0.2777777777777778,0.9580528331120061
5036,0.7,1.0,0.8235294117647058,0.9725056971385917
5037,0.8,0.47058823529411764,0.5925925925925927,0.8945572257528631
5038,0.8,0.27586206896551724,0.4102564102564103,0.9524353188154729
5039,0.8,0.25,0.38095238095238093,0.8957725422128139
504,0.6,0.5454545454545454,0.5714285714285713,0.9775543050545107
5040,0.9,0.6,0.7200000000000001,0.9579093785938091
5041,0.7,0.4375,0.5384615384615384,0.9458552338216433
5042,0.7,0.16666666666666666,0.2692307692307692,0.9542407963750834
5043,0.4,1.0,0.5714285714285715,0.9719705792069783
5044,0.8,0.5333333333333333,0.64,0.9723705493124036
5045,0.5714285714285714,1.0,0.7272727272727273,0.850771480789239
5046,0.9,0.07692307692307693,0.14173228346456693,0.9531963210277772
5047,0.9,0.2571428571428571,0.39999999999999997,0.9655471885082402
5048,0.5,0.5555555555555556,0.5263157894736842,0.9615572121244959
5049,0.2,0.18181818181818182,0.1904761904761905,0.9633360266575743
505,0.4,0.6666666666666666,0.5,0.9551391187363665
5050,0.5,0.8333333333333334,0.625,0.9603049068612064
5051,0.5,1.0,0.6666666666666666,0.958365583876645
5052,0.8,1.0,0.888888888888889,0.8580914826939597
5053,0.5,0.2631578947368421,0.3448275862068966,0.9707341605094479
5054,0.8,0.12903225806451613,0.2222222222222222,0.9485716560409011
5055,0.6666666666666666,1.0,0.8,0.9378761093197702
5056,0.6,0.25,0.35294117647058826,0.9887771525272553
5057,0.5,0.625,0.5555555555555556,0.9673479050495373
5058,0.5,1.0,0.6666666666666666,0.9871896556458479
5059,1.0,0.5882352941176471,0.7407407407407407,0.9459770195340433
506,0.5,0.5555555555555556,0.5263157894736842,0.9492333162807597
5060,0.4,0.5714285714285714,0.47058823529411764,0.9511983710138439
5061,0.9,0.34615384615384615,0.5,0.9753583007041859
5062,0.4,1.0,0.5714285714285715,0.9611059281538614
5063,0.8,0.47058823529411764,0.5925925925925927,0.9657144373606007
5064,0.7,0.5,0.5833333333333334,0.9741176819839189
5065,0.8,0.25806451612903225,0.3902439024390244,0.9393090196400302
5066,0.5714285714285714,1.0,0.7272727272727273,0.9794378627884807
5067,0.7142857142857143,1.0,0.8333333333333333,0.9182668559737727
5068,0.2,1.0,0.33333333333333337,0.9544173319713032
5069,0.8,1.0,0.888888888888889,0.9823377951878006
507,0.6666666666666666,1.0,0.8,0.9884937817663897
5070,0.7,0.12962962962962962,0.21875,0.8616669873306728
5071,0.8,0.5333333333333333,0.64,0.9484127518898294
5072,0.6,1.0,0.7499999999999999,0.9867417366321147
5073,0.4,1.0,0.5714285714285715,0.9439411584139565
5074,0.7,0.0958904109589041,0.1686746987951807,0.8882093345043568
5075,0.5,0.8333333333333334,0.625,0.9160340454454065
5076,0.3,0.3,0.3,0.8954584607291021
5077,0.9,0.17307692307692307,0.2903225806451613,0.9855701107429646
5078,0.8,0.8888888888888888,0.8421052631578948,0.9686694624786756
5079,0.5,1.0,0.6666666666666666,0.9556444936575803
508,0.9,0.45,0.6,0.9767308824440303
5080,0.4,0.8,0.5333333333333333,0.9651412108143528
5081,0.2,0.4,0.26666666666666666,0.9506224488010795
5082,0.5,0.21739130434782608,0.30303030303030304,0.9525210059358069
5083,0.7,0.2413793103448276,0.358974358974359,0.9170022116741607
5084,1.0,0.3125,0.47619047619047616,0.9694024818664067
5085,0.6,0.3157894736842105,0.41379310344827586,0.940027326013301
5086,0.5,0.3125,0.38461538461538464,0.9743714747496639
5087,0.9,0.25,0.391304347826087,0.9460547969132242
5088,0.5714285714285714,1.0,0.7272727272727273,0.9817006391150153
5089,0.5714285714285714,1.0,0.7272727272727273,0.9450247139515655
509,0.7,0.10606060606060606,0.18421052631578946,0.9009732486852082
5090,0.5,0.12195121951219512,0.19607843137254902,0.9621021941773628
5091,0.9,0.23684210526315788,0.375,0.9611499012727941
5092,0.9,0.75,0.8181818181818182,0.9685897396377549
5093,0.7,1.0,0.8235294117647058,0.9687422649163075
5094,0.7,0.875,0.7777777777777777,0.9800239653228319
5095,0.6666666666666666,1.0,0.8,0.976954936408015
5096,0.9,0.28125,0.4285714285714286,0.9752982650390741
5097,0.7,0.4666666666666667,0.56,0.9624362621529028
5098,0.4,0.3076923076923077,0.34782608695652173,0.9610243346473651
5099,0.8,0.3333333333333333,0.47058823529411764,0.9755150895700179
51,0.5,1.0,0.6666666666666666,0.9731130752023621
510,0.6,0.5454545454545454,0.5714285714285713,0.9752982650390741
5100,1.0,0.10989010989010989,0.198019801980198,0.9999999999999997
5101,0.4,1.0,0.5714285714285715,0.8339719738392365
5102,0.6,0.4,0.48,0.9551086101090213
5103,1.0,0.3125,0.47619047619047616,0.9999999999999997
5104,0.4,1.0,0.5714285714285715,0.9033395422768534
5105,0.7,0.7,0.7,0.929279876227612
5106,0.7,0.7,0.7,0.9359143070151795
5107,0.7,0.14583333333333334,0.2413793103448276,0.9334176756317973
5108,0.9,0.25,0.391304347826087,0.9685897396377549
5109,0.5,0.625,0.5555555555555556,0.9569497692764579
511,0.6666666666666666,1.0,0.8,0.7877604501695494
5110,0.4,1.0,0.5714285714285715,0.9719705792069783
5111,0.5,0.05813953488372093,0.10416666666666667,0.9558362524889698
5112,0.6,0.23076923076923078,0.33333333333333337,0.9320538982099184
5113,1.0,0.19607843137254902,0.3278688524590164,0.9119187856542472
5114,0.7,0.3888888888888889,0.5,0.9896613909553892
5115,0.25,1.0,0.4,0.9516558942747586
5116,0.6,1.0,0.7499999999999999,0.904950275245331
5117,0.8,1.0,0.888888888888889,0.9858664393920891
5118,0.6,0.42857142857142855,0.5,0.954194397481855
5119,0.4,1.0,0.5714285714285715,0.9378407433642015
512,0.625,1.0,0.7692307692307693,0.7555665642174629
5120,0.5,0.4166666666666667,0.45454545454545453,0.9615572121244959
5121,0.7,0.5384615384615384,0.608695652173913,0.9853054488221784
5122,0.6,1.0,0.7499999999999999,0.9783446823995325
5123,0.3,0.42857142857142855,0.3529411764705882,0.8477007192254631
5124,0.6,0.25,0.35294117647058826,0.9112450753615022
5125,0.7142857142857143,1.0,0.8333333333333333,0.942031483508493
5126,0.7,0.35,0.4666666666666667,0.9374638761481192
5127,0.4,1.0,0.5714285714285715,0.9517033046186466
5128,0.7,0.5384615384615384,0.608695652173913,0.928249311698875
5129,0.4,0.5714285714285714,0.47058823529411764,0.9700927458242443
513,0.6,0.4,0.48,0.9715323816178844
5130,0.8333333333333334,1.0,0.9090909090909091,0.9855580601895093
5131,0.5,0.15151515151515152,0.23255813953488375,0.878486699278585
5132,0.6,0.8571428571428571,0.7058823529411764,0.9660829137059015
5133,0.5,0.8333333333333334,0.625,0.9440942887425487
5134,0.6,0.5454545454545454,0.5714285714285713,0.9503938157486606
5135,0.8,0.8888888888888888,0.8421052631578948,0.9658178997078336
5136,1.0,0.3333333333333333,0.5,0.9850463729121222
5137,0.7,0.5384615384615384,0.608695652173913,0.9800239653228319
5138,0.5,0.3333333333333333,0.4,0.8909137659031157
5139,0.8,0.5333333333333333,0.64,0.9138465008181521
514,0.6,0.6666666666666666,0.631578947368421,0.9655471885082402
5140,0.8,0.19047619047619047,0.3076923076923077,0.9620669832973471
5141,0.4444444444444444,1.0,0.6153846153846153,0.9737617771962215
5142,0.8,0.21052631578947367,0.3333333333333333,0.927681751297046
5143,0.6,0.6,0.6,0.9642472930334256
5144,0.7142857142857143,1.0,0.8333333333333333,0.8724608597941966
5145,0.5,1.0,0.6666666666666666,0.9332659873661263
5146,0.5,1.0,0.6666666666666666,0.7543254918783052
5147,0.625,1.0,0.7692307692307693,0.9800983939483368
5148,0.9,0.6,0.7200000000000001,0.9327386928943522
5149,0.5,1.0,0.6666666666666666,0.9527654809307945
515,0.6,0.3333333333333333,0.42857142857142855,0.9369693326109447
5150,0.5,1.0,0.6666666666666666,0.939326504932034
5151,0.6,0.3333333333333333,0.42857142857142855,0.7848719054670841
5152,0.5,1.0,0.6666666666666666,0.9235726353644644
5153,0.7,0.1891891891891892,0.2978723404255319,0.9084815927501669
5154,0.5714285714285714,1.0,0.7272727272727273,1.0
5155,0.16666666666666666,1.0,0.2857142857142857,0.9506077705472993
5156,0.9,0.3,0.45000000000000007,0.9918115394479871
5157,0.3,0.6,0.4,0.9403335700655459
5158,0.6,0.2608695652173913,0.36363636363636365,0.9294912571152977
5159,0.5,1.0,0.6666666666666666,0.8620964911454896
516,0.7,0.1794871794871795,0.2857142857142857,0.8795335761301676
5160,0.6666666666666666,1.0,0.8,0.928478340548092
5161,0.8,0.26666666666666666,0.4,0.9445455922972841
5162,0.875,1.0,0.9333333333333333,0.9846502774551102
5163,0.7,0.0958904109589041,0.1686746987951807,0.9389514619553992
5164,0.6,0.8571428571428571,0.7058823529411764,0.9752982650390741
5165,0.7,0.5384615384615384,0.608695652173913,0.9559456151489643
5166,0.7,0.5384615384615384,0.608695652173913,0.978567340715506
5167,0.8,0.4444444444444444,0.5714285714285714,0.9900596631958939
5168,0.75,1.0,0.8571428571428571,0.9774076642561879
5169,0.7,0.4117647058823529,0.5185185185185185,0.9235689872780217
517,0.9,0.42857142857142855,0.5806451612903225,0.9855701107429646
5170,0.4,0.8,0.5333333333333333,0.938532686481868
5171,0.6666666666666666,1.0,0.8,0.9784482134700891
5172,0.6,0.10714285714285714,0.18181818181818182,0.9581509660693213
5173,0.9,0.5294117647058824,0.6666666666666667,0.9433451132486834
5174,0.8,1.0,0.888888888888889,0.9284654921859037
5175,0.42857142857142855,1.0,0.6,0.9769427569892637
5176,0.5,1.0,0.6666666666666666,0.9472000868966817
5177,0.7,0.5384615384615384,0.608695652173913,0.9458726566961868
5178,0.9,0.2571428571428571,0.39999999999999997,0.9883924165147044
5179,0.5,1.0,0.6666666666666666,0.8532316936785527
518,1.0,0.35714285714285715,0.5263157894736842,0.9999999999999997
5180,0.4,0.36363636363636365,0.380952380952381,0.9489558276126511
5181,0.4,0.8,0.5333333333333333,0.9511983710138439
5182,0.8,0.2,0.32000000000000006,0.961396769879651
5183,0.6,0.5454545454545454,0.5714285714285713,0.975144977483448
5184,0.9,0.23684210526315788,0.375,0.9531963210277772
5185,0.7,0.3181818181818182,0.4375,0.9466970991111561
5186,0.7,0.7,0.7,0.9745911911541282
5187,0.8,0.5333333333333333,0.64,0.9089936867924436
5188,0.9,0.75,0.8181818181818182,0.9680555702849517
5189,0.4444444444444444,1.0,0.6153846153846153,0.976404335745497
519,0.4444444444444444,1.0,0.6153846153846153,0.9196327152152708
5190,0.2222222222222222,1.0,0.3636363636363636,0.9486147313144887
5191,0.625,1.0,0.7692307692307693,0.9864918465559039
5192,0.8,1.0,0.888888888888889,0.9643590601152746
5193,0.7,0.2916666666666667,0.4117647058823529,0.9717149541352007
5194,0.4,0.8,0.5333333333333333,0.9311460320022913
5195,0.4,0.8,0.5333333333333333,0.9551391187363665
5196,0.8,0.8,0.8000000000000002,0.9735982056382337
5197,0.8,0.5714285714285714,0.6666666666666666,0.9197372383389365
5198,0.4,0.2,0.26666666666666666,0.8611880757732716
5199,0.7142857142857143,1.0,0.8333333333333333,0.9812182442898296
52,0.5,0.5555555555555556,0.5263157894736842,0.9422799955450741
520,0.9,0.21428571428571427,0.3461538461538461,0.9729375088020854
5200,0.5,1.0,0.6666666666666666,0.9603049068612064
5201,0.4,0.4444444444444444,0.4210526315789474,0.9182433730143434
5202,0.7142857142857143,1.0,0.8333333333333333,0.8333580897043541
5203,0.5,1.0,0.6666666666666666,0.8821246606575271
5204,0.7,1.0,0.8235294117647058,0.9625051772714406
5205,0.6,0.15,0.24,0.9852867131417778
5206,0.8333333333333334,1.0,0.9090909090909091,0.9535585383789081
5207,0.6,1.0,0.7499999999999999,1.0
5208,0.9,0.5,0.6428571428571429,0.9999999999999998
5209,0.9,0.5,0.6428571428571429,0.9666193393289652
521,0.5555555555555556,1.0,0.7142857142857143,0.9835675369609002
5210,0.7,0.7,0.7,0.9755449785514555
5211,1.0,0.625,0.7692307692307693,0.9544173319713032
5212,0.5,1.0,0.6666666666666666,0.9821736095274
5213,0.42857142857142855,1.0,0.6,0.9301909677505746
5214,0.5714285714285714,1.0,0.7272727272727273,0.9531435432581765
5215,0.5,1.0,0.6666666666666666,0.9388247692078108
5216,0.75,1.0,0.8571428571428571,0.9063141590549306
5217,0.3,0.3333333333333333,0.3157894736842105,0.9128155057143528
5218,0.5555555555555556,1.0,0.7142857142857143,0.9868187311854624
5219,0.8,0.5,0.6153846153846154,0.9182956065634389
522,0.7,1.0,0.8235294117647058,0.9388049637328136
5220,0.8,0.11428571428571428,0.19999999999999998,0.9464914922259577
5221,0.5,1.0,0.6666666666666666,0.9344681539969718
5222,0.6,0.2608695652173913,0.36363636363636365,0.9742356922410799
5223,0.6,0.3157894736842105,0.41379310344827586,0.976099234916463
5224,0.5714285714285714,1.0,0.7272727272727273,0.9618310519782716
5225,0.7,0.2916666666666667,0.4117647058823529,0.9823492358662681
5226,0.6,0.6,0.6,0.8936984123174605
5227,0.5,0.35714285714285715,0.41666666666666663,0.806084904539762
5228,0.4,1.0,0.5714285714285715,0.9611059281538614
5229,0.5,0.625,0.5555555555555556,0.9814610844297572
523,0.7,0.5384615384615384,0.608695652173913,0.9288392478192259
5230,1.0,0.5555555555555556,0.7142857142857143,0.9615572121244959
5231,0.6666666666666666,1.0,0.8,0.9723081352297387
5232,0.6,0.5454545454545454,0.5714285714285713,0.8886828973967792
5233,0.9,0.5,0.6428571428571429,0.9548403769343636
5234,0.9,0.3333333333333333,0.48648648648648646,0.9603049068612064
5235,0.5714285714285714,1.0,0.7272727272727273,0.9473782013585036
5236,0.7,0.4666666666666667,0.56,0.9157804224875344
5237,0.7,1.0,0.8235294117647058,0.9519480744137565
5238,0.4,1.0,0.5714285714285715,0.9201639121730077
5239,1.0,0.25,0.4,0.9639846796893623
524,1.0,0.07692307692307693,0.14285714285714288,0.9487429494993278
5240,0.5714285714285714,1.0,0.7272727272727273,0.9627176182582149
5241,0.8,0.7272727272727273,0.761904761904762,0.9584532819142019
5242,0.9,0.6428571428571429,0.75,0.9216446844389908
5243,0.5,1.0,0.6666666666666666,0.9798881187215076
5244,0.42857142857142855,1.0,0.6,0.980484874345582
5245,0.6666666666666666,1.0,0.8,0.885283127102661
5246,0.8,0.5,0.6153846153846154,0.9719504958248175
5247,0.7142857142857143,1.0,0.8333333333333333,0.93538317412471
5248,0.6,0.5454545454545454,0.5714285714285713,0.9322644123664552
5249,0.8,0.2857142857142857,0.4210526315789473,0.9552398675935881
525,0.75,1.0,0.8571428571428571,0.9413135976132114
5250,0.5,0.14285714285714285,0.22222222222222224,0.9346394487790702
5251,0.8,0.34782608695652173,0.48484848484848486,0.9620669832973471
5252,1.0,0.9090909090909091,0.9523809523809523,0.9819923398446812
5253,0.8,0.4,0.5333333333333333,0.9611303100140147
5254,0.7,0.7,0.7,0.9255756979705685
5255,0.9,0.42857142857142855,0.5806451612903225,0.9918115394479871
5256,0.9,0.1323529411764706,0.23076923076923075,0.9433451132486834
5257,0.8,0.6153846153846154,0.6956521739130435,0.9911554430582546
5258,0.75,1.0,0.8571428571428571,0.9875377726873797
5259,0.5714285714285714,1.0,0.7272727272727273,0.9395927092495
526,0.8,1.0,0.888888888888889,0.9789368001858949
5260,0.8,0.2962962962962963,0.43243243243243246,0.9558083444643833
5261,0.5,0.5555555555555556,0.5263157894736842,0.8975663201847106
5262,0.8,0.8888888888888888,0.8421052631578948,0.945257601091171
5263,1.0,0.5882352941176471,0.7407407407407407,0.9544173319713032
5264,1.0,0.45454545454545453,0.625,0.9551391187363665
5265,0.4,0.26666666666666666,0.32,0.9656340243729868
5266,0.5,1.0,0.6666666666666666,0.9798881187215076
5267,0.5,0.5555555555555556,0.5263157894736842,0.8510250818335078
5268,0.4,0.0975609756097561,0.15686274509803924,0.8308607030807876
5269,0.7,0.2413793103448276,0.358974358974359,0.8998359696354042
527,0.2,1.0,0.33333333333333337,1.0
5270,0.6,0.42857142857142855,0.5,0.9300405475747986
5271,0.8,0.16666666666666666,0.27586206896551724,0.9445455922972841
5272,0.8,0.6153846153846154,0.6956521739130435,0.972682416833606
5273,0.5,0.19230769230769232,0.2777777777777778,0.9476723049203274
5274,0.6,1.0,0.7499999999999999,0.9079759560807396
5275,0.8,0.5714285714285714,0.6666666666666666,0.9624814926561788
5276,0.9,0.75,0.8181818181818182,1.0
5277,0.6,0.16666666666666666,0.2608695652173913,0.9396651092650257
5278,0.7,0.3333333333333333,0.45161290322580644,0.9143097582396977
5279,0.9,1.0,0.9473684210526316,0.9730273984566121
528,0.9,0.15,0.2571428571428572,0.9433451132486834
5280,0.6666666666666666,1.0,0.8,0.9067247827284353
5281,1.0,0.2631578947368421,0.4166666666666667,0.9819923398446812
5282,0.7,0.23333333333333334,0.35,0.8891087596189708
5283,0.7,0.20588235294117646,0.3181818181818182,0.9742711213629145
5284,0.5,1.0,0.6666666666666666,0.9689115851183236
5285,0.7777777777777778,1.0,0.8750000000000001,0.9427887331190554
5286,0.8,0.5714285714285714,0.6666666666666666,0.9820012349491912
5287,0.8,0.3333333333333333,0.47058823529411764,0.9681261057547603
5288,0.5555555555555556,1.0,0.7142857142857143,0.8566007774789507
5289,0.8,0.11594202898550725,0.20253164556962025,0.961396769879651
529,0.8,0.4,0.5333333333333333,0.9540293965409377
5290,0.75,1.0,0.8571428571428571,0.9663109086718995
5291,0.5,0.7142857142857143,0.588235294117647,0.9445455922972841
5292,0.7142857142857143,1.0,0.8333333333333333,0.9618274357238694
5293,0.9,0.8181818181818182,0.8571428571428572,0.9611499012727941
5294,0.6,0.4,0.48,0.966331457581766
5295,0.4,1.0,0.5714285714285715,0.9073969355535362
5296,0.7,0.7,0.7,0.8988650646025682
5297,0.6666666666666666,1.0,0.8,0.9829615364898217
5298,0.4,1.0,0.5714285714285715,0.9100276170637087
5299,0.7,1.0,0.8235294117647058,0.9984063055924429
53,0.8,0.10526315789473684,0.18604651162790697,0.9910006174745954
530,0.4,0.5,0.4444444444444445,0.9498853620677181
5300,0.7,0.23333333333333334,0.35,0.9700359479842476
5301,0.8,0.7272727272727273,0.761904761904762,0.9578736003717896
5302,0.9,0.2647058823529412,0.40909090909090906,0.9656340243729868
5303,0.6666666666666666,1.0,0.8,0.9381444126618682
5304,0.5714285714285714,1.0,0.7272727272727273,0.9465930672029571
5305,0.7,0.22580645161290322,0.3414634146341463,0.9822115236987989
5306,0.5,0.07462686567164178,0.12987012987012986,0.9260347671989998
5307,0.4,0.8,0.5333333333333333,0.9597055612277119
5308,0.5,1.0,0.6666666666666666,0.9539310395482723
5309,0.75,1.0,0.8571428571428571,0.9598238517065346
531,0.8,0.13793103448275862,0.2352941176470588,0.9464914922259577
5310,0.4,0.4,0.4000000000000001,0.9004378590632207
5311,0.6,1.0,0.7499999999999999,0.9701723936190406
5312,0.8,0.07766990291262135,0.1415929203539823,0.9464914922259577
5313,0.3,0.5,0.37499999999999994,0.9092481134888641
5314,0.5,1.0,0.6666666666666666,1.0
5315,0.5714285714285714,1.0,0.7272727272727273,0.9633249941388748
5316,0.625,1.0,0.7692307692307693,0.9232578212429297
5317,0.4,0.09090909090909091,0.14814814814814814,0.938532686481868
5318,0.6,0.5454545454545454,0.5714285714285713,0.9807892649194182
5319,0.9,0.18,0.3,0.950447586923794
532,0.7777777777777778,1.0,0.8750000000000001,0.9437438081547521
5320,0.2,1.0,0.33333333333333337,0.9999999999999998
5321,1.0,0.23809523809523808,0.3846153846153846,0.9747680736607058
5322,0.9,0.6428571428571429,0.75,0.9821952119758895
5323,1.0,0.2857142857142857,0.4444444444444445,0.9887771525272553
5324,0.5,0.38461538461538464,0.4347826086956522,0.9729375088020854
5325,0.6,1.0,0.7499999999999999,0.9410548861769202
5326,0.4,0.4,0.4000000000000001,0.9489829143028196
5327,0.9,0.42857142857142855,0.5806451612903225,0.9729375088020854
5328,0.8,1.0,0.888888888888889,0.9120044316570235
5329,0.7,0.15217391304347827,0.25,0.9700359479842476
533,0.8,0.12698412698412698,0.2191780821917808,0.9751916460416523
5330,0.4,0.8,0.5333333333333333,0.9639199991372551
5331,0.7,0.875,0.7777777777777777,0.9646589696268238
5332,0.4,0.5,0.4444444444444445,0.9459449410679581
5333,0.6,0.06382978723404255,0.11538461538461536,0.8948876489340891
5334,0.4,0.8,0.5333333333333333,0.8594787008355336
5335,0.8,0.3333333333333333,0.47058823529411764,0.9368104005576843
5336,0.5,1.0,0.6666666666666666,0.987367398059121
5337,0.6,0.23076923076923078,0.33333333333333337,0.9600970825024516
5338,0.7,0.5384615384615384,0.608695652173913,0.9230514505044255
5339,0.8,0.5714285714285714,0.6666666666666666,0.9578736003717896
534,0.7,0.5,0.5833333333333334,0.9384237919510994
5340,0.8,0.2962962962962963,0.43243243243243246,0.8945067558044296
5341,0.8,0.47058823529411764,0.5925925925925927,0.9366823046670874
5342,0.8,0.4444444444444444,0.5714285714285714,0.9019116149366326
5343,0.625,1.0,0.7692307692307693,0.959276348084531
5344,0.8,0.27586206896551724,0.4102564102564103,0.9545326511439332
5345,0.9,0.21951219512195122,0.3529411764705882,0.9603049068612064
5346,0.8,1.0,0.888888888888889,0.943856739573407
5347,1.0,0.3125,0.47619047619047616,0.9794585945585546
5348,0.7,1.0,0.8235294117647058,0.9542407963750834
5349,0.3,0.15789473684210525,0.20689655172413793,0.8854732390774156
535,0.4,1.0,0.5714285714285715,0.9402533916875419
5350,0.8,0.32,0.45714285714285713,0.8833289852346504
5351,0.8333333333333334,1.0,0.9090909090909091,0.9905566824971503
5352,0.4,0.2222222222222222,0.2857142857142857,0.950872582471445
5353,0.8,0.47058823529411764,0.5925925925925927,0.9904198418056278
5354,0.8,1.0,0.888888888888889,0.9677486110422787
5355,0.6,0.3333333333333333,0.42857142857142855,0.9842779948851608
5356,0.625,1.0,0.7692307692307693,0.9871686637235024
5357,0.6,1.0,0.7499999999999999,0.883332764044921
5358,0.25,0.5,0.3333333333333333,0.9473616243939144
5359,0.9,0.13636363636363635,0.23684210526315788,0.969633518759356
536,0.8,0.34782608695652173,0.48484848484848486,0.9485716560409011
5360,0.875,1.0,0.9333333333333333,0.986821255924399
5361,0.8,0.32,0.45714285714285713,0.9227935397593018
5362,0.4,0.4444444444444444,0.4210526315789474,0.91688864516126
5363,0.7,1.0,0.8235294117647058,0.9800239653228319
5364,0.6,0.13636363636363635,0.22222222222222218,0.9258177965804658
5365,0.8,0.2222222222222222,0.3478260869565218,0.9856499230921526
5366,0.5,0.35714285714285715,0.41666666666666663,0.975460396262458
5367,0.9,0.06474820143884892,0.12080536912751677,0.9775923785719159
5368,0.8,0.6666666666666666,0.7272727272727272,0.9619043607373888
5369,0.7,0.22580645161290322,0.3414634146341463,0.952329442534803
537,0.5,0.625,0.5555555555555556,0.9743714747496639
5370,0.5,1.0,0.6666666666666666,0.8484999552198645
5371,0.6,0.2608695652173913,0.36363636363636365,0.966331457581766
5372,0.75,1.0,0.8571428571428571,0.8945028764027306
5373,0.7142857142857143,1.0,0.8333333333333333,1.0
5374,0.6,1.0,0.7499999999999999,0.9558670939104723
5375,0.6666666666666666,1.0,0.8,0.9631492213229677
5376,1.0,0.3125,0.47619047619047616,0.9772086659856518
5377,0.3333333333333333,1.0,0.5,0.9719544183847104
5378,0.8,0.32,0.45714285714285713,0.9829089498539164
5379,0.75,1.0,0.8571428571428571,0.9582061000064612
538,0.6,1.0,0.7499999999999999,0.9755150895700179
5380,0.75,1.0,0.8571428571428571,0.9763219209912526
5381,0.6,1.0,0.7499999999999999,0.9315590555090092
5382,0.5,0.8333333333333334,0.625,0.9857626431431492
5383,0.6666666666666666,1.0,0.8,0.9485922729965418
5384,0.5,1.0,0.6666666666666666,0.9615572121244959
5385,0.3,1.0,0.4615384615384615,0.9611499012727941
5386,0.8,0.3333333333333333,0.47058823529411764,0.982459969693756
5387,1.0,0.10638297872340426,0.1923076923076923,0.9551391187363665
5388,0.6,1.0,0.7499999999999999,0.8881816559561834
5389,0.7,0.5833333333333334,0.6363636363636365,0.9235689872780217
539,0.5,0.5,0.5,0.9588956692051315
5390,1.0,0.29411764705882354,0.45454545454545453,0.9775543050545107
5391,0.8,1.0,0.888888888888889,1.0
5392,0.2,1.0,0.33333333333333337,0.9599115385551773
5393,0.5,0.35714285714285715,0.41666666666666663,0.9797410387784526
5394,0.7,0.10294117647058823,0.1794871794871795,0.9196420593208217
5395,0.7,0.4666666666666667,0.56,0.9687270163102419
5396,0.5,0.45454545454545453,0.47619047619047616,0.911375739713826
5397,0.9,0.23076923076923078,0.3673469387755102,0.9655471885082402
5398,0.5,1.0,0.6666666666666666,0.9798881187215076
5399,0.7,0.875,0.7777777777777777,0.940696953698938
54,0.25,1.0,0.4,0.9708102881990132
540,0.375,1.0,0.5454545454545454,0.8618464307450089
5400,0.2,1.0,0.33333333333333337,0.9479059865659346
5401,0.9,0.4090909090909091,0.5625000000000001,0.9753583007041859
5402,0.8,0.5714285714285714,0.6666666666666666,0.9524575343292788
5403,0.8,0.4,0.5333333333333333,0.961396769879651
5404,0.6,0.21428571428571427,0.3157894736842105,0.9010719879830621
5405,0.9,0.6,0.7200000000000001,0.9730273984566121
5406,0.5,0.5555555555555556,0.5263157894736842,0.9348841483803105
5407,0.3333333333333333,1.0,0.5,0.9625879769786472
5408,0.4,0.5714285714285714,0.47058823529411764,0.9475216967440258
5409,0.6,1.0,0.7499999999999999,0.8410186568386928
541,0.5,0.3333333333333333,0.4,0.9213809550853781
5410,0.6,1.0,0.7499999999999999,0.839841545800764
5411,0.4,1.0,0.5714285714285715,1.0
5412,0.9,0.25,0.391304347826087,0.9817629961853291
5413,0.5,0.35714285714285715,0.41666666666666663,0.971140221485929
5414,0.7,0.5833333333333334,0.6363636363636365,0.8358382455575185
5415,0.5,1.0,0.6666666666666666,0.877422813488833
5416,0.7,1.0,0.8235294117647058,0.944536161142869
5417,0.4444444444444444,1.0,0.6153846153846153,0.9240715103459546
5418,0.7,0.22580645161290322,0.3414634146341463,0.9549663900366226
5419,0.8,0.6153846153846154,0.6956521739130435,0.9681261057547603
542,0.7142857142857143,1.0,0.8333333333333333,0.8825588237824895
5420,0.8,0.38095238095238093,0.5161290322580645,0.9843544568285302
5421,0.5,0.8333333333333334,0.625,0.9350397029794482
5422,0.9,0.34615384615384615,0.5,0.95329412838341
5423,0.9,0.6428571428571429,0.75,0.9743793112916959
5424,0.8,0.5333333333333333,0.64,0.9683411523335436
5425,0.7,1.0,0.8235294117647058,0.9400009518229075
5426,0.7,0.25,0.3684210526315789,0.9617844936390109
5427,0.6,0.6,0.6,0.966331457581766
5428,1.0,0.17543859649122806,0.29850746268656714,0.9639846796893623
5429,0.8,0.47058823529411764,0.5925925925925927,0.9387727824175444
543,1.0,0.17543859649122806,0.29850746268656714,0.9999999999999997
5430,0.9,0.5294117647058824,0.6666666666666667,0.9512311367273428
5431,0.5,0.7142857142857143,0.588235294117647,0.95850761954505
5432,0.2,0.16666666666666666,0.1818181818181818,0.9730273984566121
5433,0.9,0.09375,0.169811320754717,0.9043601146541691
5434,0.6,0.2857142857142857,0.3870967741935483,0.940027326013301
5435,0.5,1.0,0.6666666666666666,1.0
5436,0.2857142857142857,1.0,0.4444444444444445,0.9669945592775339
5437,0.6,0.375,0.4615384615384615,0.9530822085084355
5438,0.6,0.75,0.6666666666666665,0.9275437906118121
5439,0.8,1.0,0.888888888888889,0.9505804787723792
544,0.7,0.6363636363636364,0.6666666666666666,0.9769128188932756
5440,0.5714285714285714,1.0,0.7272727272727273,0.9845623613438875
5441,1.0,0.3448275862068966,0.5128205128205129,0.9551391187363665
5442,0.2,0.5,0.28571428571428575,0.9120121194838798
5443,0.8,0.25,0.38095238095238093,0.9820012349491912
5444,0.625,1.0,0.7692307692307693,0.879162568704401
5445,0.9,0.42857142857142855,0.5806451612903225,0.9401045905696985
5446,0.7,0.3684210526315789,0.48275862068965514,0.980349848401603
5447,0.5,0.35714285714285715,0.41666666666666663,0.9729375088020854
5448,0.5,0.15151515151515152,0.23255813953488375,0.938147484900419
5449,0.3,0.375,0.33333333333333326,0.9245105721830469
545,0.6666666666666666,1.0,0.8,0.9889425790155763
5450,0.6,0.20689655172413793,0.3076923076923077,0.976770232887197
5451,0.7,0.5384615384615384,0.608695652173913,0.978567340715506
5452,0.8,0.3076923076923077,0.4444444444444444,0.9867417366321147
5453,0.9,0.2727272727272727,0.41860465116279066,0.9476723049203274
5454,0.3,0.6,0.4,0.9643904239517789
5455,0.9,0.6428571428571429,0.75,0.980349848401603
5456,0.6666666666666666,1.0,0.8,0.9154438276548631
5457,0.9,0.391304347826087,0.5454545454545454,0.9680555702849517
5458,0.7,0.1320754716981132,0.22222222222222224,0.8953802491890259
5459,0.7,0.30434782608695654,0.42424242424242425,0.9430505725725972
546,0.7,0.30434782608695654,0.42424242424242425,0.9673601951220218
5460,0.6,0.6666666666666666,0.631578947368421,0.9775543050545107
5461,0.5,1.0,0.6666666666666666,0.8323172321565093
5462,0.5,1.0,0.6666666666666666,0.9769655197741361
5463,0.9,0.2647058823529412,0.40909090909090906,0.938532686481868
5464,0.2,0.25,0.22222222222222224,0.9730273984566121
5465,0.6,1.0,0.7499999999999999,0.9932511732370243
5466,0.2,0.10526315789473684,0.13793103448275862,0.91874855455584
5467,0.6666666666666666,1.0,0.8,1.0
5468,0.9,0.20930232558139536,0.339622641509434,0.9525490101995059
5469,0.9,0.5,0.6428571428571429,0.9603049068612064
547,0.7,0.6363636363636364,0.6666666666666666,0.9617844936390109
5470,0.5,0.8333333333333334,0.625,0.9388049637328136
5471,0.6,1.0,0.7499999999999999,1.0
5472,0.9,0.25,0.391304347826087,0.9374638761481192
5473,0.8,0.4,0.5333333333333333,0.9552398675935881
5474,0.4,1.0,0.5714285714285715,0.9368368498530433
5475,0.6,0.2222222222222222,0.32432432432432434,0.9775543050545107
5476,0.5714285714285714,1.0,0.7272727272727273,0.9434380869208494
5477,0.4,1.0,0.5714285714285715,0.9439411584139565
5478,0.5714285714285714,1.0,0.7272727272727273,0.9557046345256379
5479,0.5,0.4166666666666667,0.45454545454545453,0.9874484054106952
548,0.7,0.5833333333333334,0.6363636363636365,0.9262350803944223
5480,0.6,0.46153846153846156,0.5217391304347826,0.950853492265006
5481,0.5,1.0,0.6666666666666666,0.9469347370479845
5482,0.4,0.2222222222222222,0.2857142857142857,0.9700927458242443
5483,0.9,0.32142857142857145,0.4736842105263158,0.971140221485929
5484,0.4,0.5714285714285714,0.47058823529411764,0.9551391187363665
5485,0.7,0.5,0.5833333333333334,0.9404852697208789
5486,0.7777777777777778,1.0,0.8750000000000001,0.910994968749477
5487,0.7,1.0,0.8235294117647058,0.9800239653228319
5488,1.0,0.2857142857142857,0.4444444444444445,0.9775543050545107
5489,0.5,1.0,0.6666666666666666,0.987185737374832
549,0.9,0.05625,0.10588235294117647,0.9994521100688195
5490,0.4,0.5,0.4444444444444445,0.9696489916312975
5491,0.9,0.3333333333333333,0.48648648648648646,0.9753583007041859
5492,0.8,0.1702127659574468,0.2807017543859649,0.956887931207221
5493,0.8,0.16,0.26666666666666666,0.9327943119216349
5494,0.6,0.6,0.6,0.867594818172039
5495,0.5714285714285714,1.0,0.7272727272727273,0.9178965833761416
5496,0.6,0.6,0.6,0.9201307569173158
5497,0.4,0.36363636363636365,0.380952380952381,0.9403143683891562
5498,0.6,0.8571428571428571,0.7058823529411764,0.987649132519537
5499,0.4,0.5714285714285714,0.47058823529411764,0.9183674980599276
55,0.2,1.0,0.33333333333333337,0.9054186491784485
550,0.9,0.08571428571428572,0.1565217391304348,0.9623548488793522
5500,0.8,0.8888888888888888,0.8421052631578948,0.9886752707345026
5501,0.9,0.20930232558139536,0.339622641509434,0.9611499012727941
5502,0.7,0.7,0.7,0.9700359479842476
5503,0.6666666666666666,1.0,0.8,0.9662652249029866
5504,0.8,0.1509433962264151,0.25396825396825395,0.9910006174745954
5505,0.7,0.5,0.5833333333333334,0.945840128834004
5506,0.8,0.8888888888888888,0.8421052631578948,0.9003733005442986
5507,0.3333333333333333,1.0,0.5,0.9600327349227655
5508,0.5,0.7142857142857143,0.588235294117647,0.8595954666204755
5509,0.6,0.5,0.5454545454545454,0.9454122926424207
551,1.0,0.3225806451612903,0.4878048780487805,0.9544173319713032
5510,0.5,0.8333333333333334,0.625,0.9856499230921526
5511,0.7,0.11864406779661017,0.20289855072463767,0.9800239653228319
5512,0.5,0.29411764705882354,0.37037037037037035,0.9743714747496639
5513,0.5,0.8333333333333334,0.625,0.9594107338493395
5514,0.375,1.0,0.5454545454545454,0.9586831842652039
5515,0.5555555555555556,1.0,0.7142857142857143,0.8364681521363523
5516,0.5,0.35714285714285715,0.41666666666666663,0.9487429494993278
5517,0.4,0.16,0.22857142857142856,0.9704771161969166
5518,0.9,0.47368421052631576,0.6206896551724138,0.9255403252245727
5519,0.8,0.20512820512820512,0.326530612244898,0.9403335700655459
552,0.5,0.5,0.5,0.9065436047364329
5520,0.7,0.2916666666666667,0.4117647058823529,0.9146385534412232
5521,0.6,1.0,0.7499999999999999,0.9184816020500305
5522,0.9,0.11538461538461539,0.20454545454545456,0.9589171891171091
5523,0.6,0.14285714285714285,0.23076923076923073,0.9831383216879193
5524,0.7,0.3333333333333333,0.45161290322580644,0.8669350425295682
5525,0.75,1.0,0.8571428571428571,1.0
5526,0.9,0.21951219512195122,0.3529411764705882,0.9623548488793522
5527,0.5,1.0,0.6666666666666666,0.8395745382266815
5528,0.5,0.7142857142857143,0.588235294117647,0.9615572121244959
5529,0.6,1.0,0.7499999999999999,0.9354814701229011
553,0.4,0.6666666666666666,0.5,0.9700927458242443
5530,1.0,0.12345679012345678,0.21978021978021975,0.9485716560409011
5531,0.7,0.35,0.4666666666666667,0.9466970991111561
5532,0.5,0.5,0.5,0.9118799190982039
5533,0.75,1.0,0.8571428571428571,0.9321996273308877
5534,0.7,1.0,0.8235294117647058,0.9800239653228319
5535,1.0,0.38461538461538464,0.5555555555555556,0.9551391187363665
5536,1.0,0.11764705882352941,0.21052631578947367,0.9542407963750834
5537,0.7,0.7777777777777778,0.7368421052631577,0.978567340715506
5538,0.8,0.4,0.5333333333333333,0.982459969693756
5539,0.8,0.12307692307692308,0.21333333333333335,0.9314288747212014
554,0.6666666666666666,1.0,0.8,0.856108218450795
5540,0.7,0.875,0.7777777777777777,0.9681480266518983
5541,0.6666666666666666,1.0,0.8,0.9304096971889328
5542,0.9,0.75,0.8181818181818182,0.9918115394479871
5543,0.9,0.28125,0.4285714285714286,0.9643904239517789
5544,0.8,1.0,0.888888888888889,0.9736787306274173
5545,0.2,0.2222222222222222,0.2105263157894737,0.950447586923794
5546,0.7142857142857143,1.0,0.8333333333333333,0.8562688612644421
5547,1.0,0.43478260869565216,0.6060606060606061,0.9772086659856518
5548,0.8,0.42105263157894735,0.5517241379310345,0.9718904611701721
5549,0.5714285714285714,1.0,0.7272727272727273,0.9217161608814562
555,0.5,1.0,0.6666666666666666,0.9577204347811412
5550,0.8,0.10126582278481013,0.1797752808988764,0.9216446844389908
5551,0.5,0.8333333333333334,0.625,0.9447163112616366
5552,0.5,1.0,0.6666666666666666,0.8973008532093629
5553,0.8,0.26666666666666666,0.4,0.9464914922259577
5554,0.8,0.6153846153846154,0.6956521739130435,0.9485716560409011
5555,0.7,0.16666666666666666,0.2692307692307692,0.948783132064734
5556,0.6,0.25,0.35294117647058826,0.9404213767689944
5557,0.6,0.35294117647058826,0.4444444444444445,0.9421453490221288
5558,1.0,0.47619047619047616,0.6451612903225806,0.9361111405699033
5559,0.25,1.0,0.4,0.994982341061634
556,0.6,0.2857142857142857,0.3870967741935483,0.9499722528556146
5560,0.8,0.8,0.8000000000000002,0.9820012349491912
5561,0.9,0.42857142857142855,0.5806451612903225,0.9309445885171069
5562,0.6,0.6666666666666666,0.631578947368421,0.9530822085084355
5563,0.375,1.0,0.5454545454545454,0.9720807117254302
5564,0.5555555555555556,1.0,0.7142857142857143,0.9647423961934243
5565,0.4,0.25,0.3076923076923077,0.9340555896941443
5566,0.8,0.4444444444444444,0.5714285714285714,0.9868276380565972
5567,0.6,0.17142857142857143,0.26666666666666666,0.9326936015933845
5568,1.0,0.20833333333333334,0.3448275862068966,0.9887771525272553
5569,0.5,0.19230769230769232,0.2777777777777778,0.9432433487108088
557,1.0,1.0,1.0,0.9683809492124369
5570,0.9,0.21951219512195122,0.3529411764705882,0.9361111405699033
5571,0.5,0.4166666666666667,0.45454545454545453,0.9516998652661177
5572,0.5,0.8333333333333334,0.625,0.9131606778327073
5573,0.8,0.34782608695652173,0.48484848484848486,0.929359730630033
5574,0.8,0.34782608695652173,0.48484848484848486,0.9484373921546314
5575,0.6,0.3333333333333333,0.42857142857142855,0.9572985724268266
5576,0.9,0.21428571428571427,0.3461538461538461,0.9729375088020854
5577,0.3333333333333333,1.0,0.5,0.9925845622209729
5578,0.8,0.6666666666666666,0.7272727272727272,0.9598984388359365
5579,0.6,1.0,0.7499999999999999,0.9554517412238143
558,0.7,0.1891891891891892,0.2978723404255319,0.9531326632922659
5580,0.9,0.17647058823529413,0.2950819672131148,0.9655471885082402
5581,0.5,1.0,0.6666666666666666,0.9150772073544288
5582,0.6,0.375,0.4615384615384615,0.9415980032759194
5583,0.7,0.5833333333333334,0.6363636363636365,0.9317108427529786
5584,0.5,0.625,0.5555555555555556,0.9240959268364735
5585,0.8,0.26666666666666666,0.4,0.9797892136820553
5586,0.6666666666666666,1.0,0.8,0.9618798548246541
5587,0.8,1.0,0.888888888888889,0.9552398675935881
5588,0.75,1.0,0.8571428571428571,0.9145881009173199
5589,0.625,1.0,0.7692307692307693,0.9728508987230206
559,0.6,1.0,0.7499999999999999,0.9098567907323293
5590,0.5714285714285714,1.0,0.7272727272727273,0.9296975900497382
5591,0.6,1.0,0.7499999999999999,0.9184017313268343
5592,0.4,0.4,0.4000000000000001,0.9317108427529786
5593,0.6,0.42857142857142855,0.5,0.9887771525272553
5594,0.3,0.2727272727272727,0.28571428571428564,0.8712645625378286
5595,0.6,0.375,0.4615384615384615,0.9696165007745413
5596,1.0,0.3333333333333333,0.5,0.9700927458242443
5597,0.4,0.18181818181818182,0.25000000000000006,0.90071603316528
5598,0.6,0.5454545454545454,0.5714285714285713,0.9775543050545107
5599,0.8,0.36363636363636365,0.5000000000000001,0.9773505414690052
56,0.5,0.7142857142857143,0.588235294117647,0.9615572121244959
560,0.9,0.45,0.6,0.95329412838341
5600,0.9,0.23076923076923078,0.3673469387755102,0.9624814926561788
5601,0.4,0.4,0.4000000000000001,0.9149011535442978
5602,0.5,0.7142857142857143,0.588235294117647,0.9615572121244959
5603,0.8,0.5714285714285714,0.6666666666666666,0.9425087772870925
5604,0.9,0.32142857142857145,0.4736842105263158,0.9801143341415294
5605,0.7,0.1,0.175,0.8753452412814423
5606,0.6,1.0,0.7499999999999999,0.9297146024722776
5607,0.6,0.35294117647058826,0.4444444444444445,0.9561433818838337
5608,0.6,1.0,0.7499999999999999,0.9725276240747033
5609,0.5,1.0,0.6666666666666666,0.9844073195001807
561,0.5,1.0,0.6666666666666666,0.9763841383766803
5610,0.5,1.0,0.6666666666666666,0.9681709239221592
5611,0.42857142857142855,1.0,0.6,0.980006960396586
5612,0.5,1.0,0.6666666666666666,0.9375584742411376
5613,0.6,0.6,0.6,0.9551943348628251
5614,0.7,0.06542056074766354,0.11965811965811965,0.9201920662803306
5615,0.6,0.2222222222222222,0.32432432432432434,0.9610496227707
5616,0.7,0.5384615384615384,0.608695652173913,0.9454386460202976
5617,0.5,0.7142857142857143,0.588235294117647,0.8963478910212472
5618,0.8,0.5714285714285714,0.6666666666666666,0.9728753881037236
5619,0.9,0.6428571428571429,0.75,0.9278677753909756
562,0.375,1.0,0.5454545454545454,0.9699581435117276
5620,0.9,0.4090909090909091,0.5625000000000001,0.977898055988703
5621,0.9,0.21951219512195122,0.3529411764705882,0.9476723049203274
5622,0.9,0.6,0.7200000000000001,0.9680555702849517
5623,0.7,0.35,0.4666666666666667,0.9901749242008014
5624,0.8,0.5,0.6153846153846154,0.944914538789761
5625,0.8,0.34782608695652173,0.48484848484848486,0.9537702920210317
5626,0.6,0.35294117647058826,0.4444444444444445,0.9752982650390741
5627,0.9,0.075,0.13846153846153847,0.9013781938475625
5628,0.6,1.0,0.7499999999999999,1.0
5629,0.4,0.4,0.4000000000000001,0.9651412108143528
563,0.9,0.19148936170212766,0.3157894736842105,0.9203031762026102
5630,0.9,0.36,0.5142857142857143,0.9918115394479871
5631,0.4,0.6666666666666666,0.5,0.938532686481868
5632,0.4,0.8,0.5333333333333333,0.8579749729623392
5633,0.625,1.0,0.7692307692307693,0.9656030037675621
5634,1.0,0.24390243902439024,0.39215686274509803,0.9743714747496639
5635,0.8,1.0,0.888888888888889,1.0
5636,0.9,0.13043478260869565,0.22784810126582278,0.950872582471445
5637,0.5,1.0,0.6666666666666666,0.8877314027776538
5638,0.6,0.6,0.6,0.8218195377624133
5639,0.7777777777777778,1.0,0.8750000000000001,0.9718719040773762
564,0.5,1.0,0.6666666666666666,0.9261265358119238
5640,0.2857142857142857,1.0,0.4444444444444445,0.8954933417402328
5641,0.8,0.7272727272727273,0.761904761904762,0.9484373921546314
5642,0.6,1.0,0.7499999999999999,0.9662925718224349
5643,0.7,0.07608695652173914,0.13725490196078433,0.909480116606572
5644,0.6,0.6,0.6,0.9579795550739632
5645,0.9,0.2647058823529412,0.40909090909090906,0.9918115394479871
5646,0.3,0.375,0.33333333333333326,0.8245370349681311
5647,0.7,0.4666666666666667,0.56,0.9717149541352007
5648,0.9,0.5,0.6428571428571429,0.9680555702849517
5649,0.7,0.3684210526315789,0.48275862068965514,0.9617844936390109
565,0.2,1.0,0.33333333333333337,1.0
5650,0.7,0.16666666666666666,0.2692307692307692,0.9066306260280717
5651,0.375,1.0,0.5454545454545454,0.9776029378786635
5652,0.5,0.5,0.5,0.9948127706346086
5653,0.9,0.32142857142857145,0.4736842105263158,0.9557156742953746
5654,0.9,0.20454545454545456,0.33333333333333337,0.923474985380406
5655,0.6,0.42857142857142855,0.5,0.905977571184548
5656,0.5,1.0,0.6666666666666666,0.9786702708696989
5657,0.4,0.4,0.4000000000000001,0.9656340243729868
5658,0.5,0.4166666666666667,0.45454545454545453,1.0
5659,0.6,0.2857142857142857,0.3870967741935483,0.8867089357203827
566,0.9,0.15,0.2571428571428572,0.9215576438205227
5660,0.7142857142857143,1.0,0.8333333333333333,0.9476089791868046
5661,0.8,0.4444444444444444,0.5714285714285714,0.9620669832973471
5662,0.7,0.7,0.7,0.9489386230226251
5663,0.5,0.17857142857142858,0.2631578947368421,0.9653893511095815
5664,1.0,0.23809523809523808,0.3846153846153846,0.966331457581766
5665,0.5,1.0,0.6666666666666666,0.8840259142791367
5666,0.7142857142857143,1.0,0.8333333333333333,0.9440228553649996
5667,1.0,0.2127659574468085,0.3508771929824561,0.9743714747496639
5668,0.8,0.8,0.8000000000000002,0.9424232261232384
5669,0.7,1.0,0.8235294117647058,0.9215115450622199
567,0.8,0.8888888888888888,0.8421052631578948,0.9820012349491912
5670,1.0,0.8333333333333334,0.9090909090909091,0.9999999999999997
5671,0.7,0.4666666666666667,0.56,0.980349848401603
5672,0.5,1.0,0.6666666666666666,0.9286289009316513
5673,0.3,1.0,0.4615384615384615,0.9789546892969045
5674,0.8888888888888888,1.0,0.9411764705882353,0.9667258227646469
5675,1.0,0.11764705882352941,0.21052631578947367,0.9775543050545107
5676,0.7,0.5384615384615384,0.608695652173913,0.9564127710391203
5677,0.8,0.3076923076923077,0.4444444444444444,0.9106473998567055
5678,0.3,0.42857142857142855,0.3529411764705882,0.9611499012727941
5679,0.6,0.3157894736842105,0.41379310344827586,0.987649132519537
568,0.6,1.0,0.7499999999999999,0.9783446823995325
5680,0.3,0.25,0.2727272727272727,0.9789546892969045
5681,0.42857142857142855,1.0,0.6,0.8755133876807802
5682,1.0,0.1282051282051282,0.22727272727272727,0.9910006174745954
5683,0.8,0.6666666666666666,0.7272727272727272,0.9366823046670874
5684,1.0,0.20833333333333334,0.3448275862068966,0.9775543050545107
5685,0.75,1.0,0.8571428571428571,0.984272594391124
5686,0.8,0.11594202898550725,0.20253164556962025,0.8832048600032417
5687,0.7,0.7777777777777778,0.7368421052631577,0.9347495561768587
5688,0.5,0.7142857142857143,0.588235294117647,0.8461016158743492
5689,1.0,0.17857142857142858,0.30303030303030304,0.9639846796893623
569,0.4,0.4,0.4000000000000001,0.9080461961175895
5690,0.8,1.0,0.888888888888889,0.9999999999999999
5691,0.4,0.36363636363636365,0.380952380952381,0.9340555896941443
5692,0.7,1.0,0.8235294117647058,0.9883924165147044
5693,0.5,1.0,0.6666666666666666,0.9095420158646721
5694,0.8,1.0,0.888888888888889,0.977772496389062
5695,0.42857142857142855,1.0,0.6,0.9744312556382406
5696,0.6,1.0,0.7499999999999999,0.937548736468173
5697,0.6666666666666666,1.0,0.8,0.9628461837981157
5698,0.8,0.20512820512820512,0.326530612244898,0.9301955153894367
5699,0.7,0.25925925925925924,0.37837837837837834,0.9515940086098132
57,0.7,1.0,0.8235294117647058,0.9402514758228568
570,0.6,0.2857142857142857,0.3870967741935483,0.9131488190281367
5700,0.5,1.0,0.6666666666666666,0.9144390010123521
5701,0.8,0.47058823529411764,0.5925925925925927,0.9331461240440317
5702,0.9,0.47368421052631576,0.6206896551724138,0.9255403252245727
5703,0.9,0.8181818181818182,0.8571428571428572,0.950872582471445
5704,0.5,0.5,0.5,0.9729375088020854
5705,0.4,0.3333333333333333,0.3636363636363636,0.8890841429315118
5706,0.6,0.4,0.48,0.9632726343550266
5707,0.6,0.6,0.6,0.9647357129511531
5708,0.8,0.7272727272727273,0.761904761904762,0.8432321517443786
5709,0.8,0.47058823529411764,0.5925925925925927,0.9327943119216349
571,0.7,0.3888888888888889,0.5,0.982546678357827
5710,0.6,0.8571428571428571,0.7058823529411764,0.9671350148209129
5711,0.5,0.7142857142857143,0.588235294117647,0.9286119845154476
5712,0.7,0.7,0.7,0.8985871649427054
5713,0.7142857142857143,1.0,0.8333333333333333,0.9559137702421018
5714,0.8,0.5,0.6153846153846154,0.9472706608899315
5715,0.7,0.7777777777777778,0.7368421052631577,0.9174227992504571
5716,0.9,0.28125,0.4285714285714286,0.9655471885082402
5717,0.9,0.17307692307692307,0.2903225806451613,0.9655471885082402
5718,0.3,0.15,0.2,0.9565425971005314
5719,0.6666666666666666,1.0,0.8,0.9735657353352364
572,0.5,1.0,0.6666666666666666,0.9412406931574818
5720,0.8,0.20512820512820512,0.326530612244898,0.907917727830889
5721,0.6,1.0,0.7499999999999999,0.8977905462117306
5722,0.9,0.2,0.32727272727272727,0.9723705493124036
5723,0.8,0.6153846153846154,0.6956521739130435,0.975047778117061
5724,0.9,0.5294117647058824,0.6666666666666667,0.9937651092415973
5725,0.5,1.0,0.6666666666666666,0.9133854372674405
5726,0.7,0.35,0.4666666666666667,0.9857626431431492
5727,0.5,1.0,0.6666666666666666,0.9225438548900569
5728,0.7,0.21212121212121213,0.3255813953488372,0.9747680736607058
5729,0.6,1.0,0.7499999999999999,0.9752982650390741
573,0.5,1.0,0.6666666666666666,0.8871437193538032
5730,0.4,0.5,0.4444444444444445,0.932385025975648
5731,0.5,0.8333333333333334,0.625,0.945875017604171
5732,0.5555555555555556,1.0,0.7142857142857143,0.9865281521187699
5733,0.7,0.3333333333333333,0.45161290322580644,0.9800239653228319
5734,0.9,0.2903225806451613,0.4390243902439024,0.9828170121864932
5735,0.4,1.0,0.5714285714285715,0.9914403584041639
5736,0.6,0.8571428571428571,0.7058823529411764,0.9531963210277772
5737,0.5,0.5555555555555556,0.5263157894736842,0.9181950595391115
5738,0.7,0.14583333333333334,0.2413793103448276,0.9617027214965969
5739,0.6,0.8571428571428571,0.7058823529411764,0.988847637715143
574,0.8,1.0,0.888888888888889,0.9999999999999999
5740,0.6,1.0,0.7499999999999999,0.8124788675489558
5741,0.5,1.0,0.6666666666666666,0.8368262397003539
5742,0.8,1.0,0.888888888888889,0.9235386336530262
5743,0.5,1.0,0.6666666666666666,0.9808555992159813
5744,0.9,0.14754098360655737,0.2535211267605634,0.9828170121864932
5745,0.8,0.8,0.8000000000000002,0.9235386336530262
5746,0.8,0.8,0.8000000000000002,0.9458323697038933
5747,1.0,0.1694915254237288,0.2898550724637681,0.987185737374832
5748,0.8,1.0,0.888888888888889,0.9511983710138439
5749,0.8,0.1951219512195122,0.3137254901960785,0.9712998461843051
575,0.7,0.3888888888888889,0.5,0.919186419144997
5750,0.6,0.5454545454545454,0.5714285714285713,0.862111933401703
5751,0.5,0.5555555555555556,0.5263157894736842,0.9595411889451595
5752,0.5,0.2631578947368421,0.3448275862068966,0.987997525575143
5753,0.6,0.6,0.6,0.9846299964835965
5754,0.9,0.3103448275862069,0.4615384615384615,0.9278677753909756
5755,0.6,0.10344827586206896,0.17647058823529413,0.9494280930388427
5756,0.75,1.0,0.8571428571428571,0.9536365259968638
5757,0.8,0.6153846153846154,0.6956521739130435,0.9820012349491912
5758,1.0,0.47619047619047616,0.6451612903225806,0.9800239653228319
5759,0.9,0.125,0.21951219512195125,0.9589171891171091
576,0.9,0.9,0.9,0.9850268766728227
5760,0.5714285714285714,1.0,0.7272727272727273,0.9663084545593347
5761,0.5,0.2777777777777778,0.35714285714285715,0.9195606069833383
5762,0.8,0.2222222222222222,0.3478260869565218,0.9415980032759194
5763,0.8,0.1111111111111111,0.19512195121951217,0.9348222044382553
5764,0.4,0.8,0.5333333333333333,0.9340555896941443
5765,0.6,0.3157894736842105,0.41379310344827586,0.9323585143196067
5766,0.6,0.5,0.5454545454545454,0.8397461716603175
5767,0.9,0.21428571428571427,0.3461538461538461,0.9474957057653023
5768,0.8,0.6153846153846154,0.6956521739130435,0.9723705493124036
5769,1.0,0.5,0.6666666666666666,0.9639846796893623
577,0.9,0.4090909090909091,0.5625000000000001,0.9918115394479871
5770,0.9,0.45,0.6,0.9752982650390741
5771,0.6,0.23076923076923078,0.33333333333333337,0.9297488948388934
5772,0.6,1.0,0.7499999999999999,0.9133798223353042
5773,0.6666666666666666,1.0,0.8,1.0
5774,0.9,1.0,0.9473684210526316,0.9030955579581077
5775,0.8,0.3333333333333333,0.47058823529411764,0.9415980032759194
5776,0.9,0.36,0.5142857142857143,0.9548403769343636
5777,0.6,0.5454545454545454,0.5714285714285713,0.9775543050545107
5778,0.6,1.0,0.7499999999999999,0.9985948603245625
5779,0.7,0.16666666666666666,0.2692307692307692,0.9614546135786453
578,0.6666666666666666,1.0,0.8,0.9618798548246541
5780,0.6,0.15789473684210525,0.25,0.9882894241842497
5781,0.6666666666666666,1.0,0.8,0.9502175801659817
5782,0.8,0.5,0.6153846153846154,0.9552398675935881
5783,0.875,1.0,0.9333333333333333,0.9463304995139553
5784,0.6666666666666666,1.0,0.8,0.9376579124646509
5785,0.6,0.5,0.5454545454545454,0.9887771525272553
5786,0.9,0.2647058823529412,0.40909090909090906,0.9359389225264995
5787,0.9,0.16071428571428573,0.27272727272727276,0.95850761954505
5788,1.0,0.10101010101010101,0.1834862385321101,0.95329412838341
5789,0.8,1.0,0.888888888888889,0.9552398675935881
579,0.9,0.8181818181818182,0.8571428571428572,0.9773330147000237
5790,0.5,0.8333333333333334,0.625,0.9288132157157464
5791,0.9,0.6428571428571429,0.75,0.9655471885082402
5792,0.8,0.26666666666666666,0.4,0.9569497692764579
5793,0.3333333333333333,1.0,0.5,0.9732631940950072
5794,1.0,0.2564102564102564,0.4081632653061224,0.9820012349491912
5795,1.0,0.08403361344537816,0.1550387596899225,0.9918115394479871
5796,0.8,1.0,0.888888888888889,0.9011609575447582
5797,0.8,0.6153846153846154,0.6956521739130435,0.9538250859867871
5798,1.0,0.6666666666666666,0.8,0.9700927458242443
5799,0.625,1.0,0.7692307692307693,0.9157327080070814
58,1.0,0.14925373134328357,0.2597402597402597,0.9820012349491912
580,0.6,1.0,0.7499999999999999,0.9662035380928433
5800,0.4,1.0,0.5714285714285715,0.8881143388779329
5801,0.9,0.34615384615384615,0.5,0.9687422649163075
5802,0.625,1.0,0.7692307692307693,0.9340352486646147
5803,0.6,1.0,0.7499999999999999,0.9497880056855662
5804,0.4,1.0,0.5714285714285715,0.9150376112165349
5805,0.7,0.3684210526315789,0.48275862068965514,0.9561823648087185
5806,0.7,0.22580645161290322,0.3414634146341463,0.9418701404384111
5807,0.8,1.0,0.888888888888889,0.9252713968980584
5808,0.3,0.75,0.4285714285714285,0.9639846796893623
5809,0.8,0.24242424242424243,0.372093023255814,0.9556712801982645
581,0.7,1.0,0.8235294117647058,0.9675563425799882
5810,0.6,1.0,0.7499999999999999,0.9012658389760206
5811,0.5,0.16129032258064516,0.24390243902439024,0.8898970398692984
5812,1.0,0.10752688172043011,0.19417475728155342,0.9775543050545107
5813,1.0,0.7692307692307693,0.8695652173913044,0.9639846796893623
5814,0.6666666666666666,1.0,0.8,0.9795877400524068
5815,0.4,0.8,0.5333333333333333,0.9850463729121222
5816,0.42857142857142855,1.0,0.6,0.8764791574317334
5817,0.5,1.0,0.6666666666666666,0.9300085470760391
5818,0.42857142857142855,1.0,0.6,0.9013646346649439
5819,0.5,1.0,0.6666666666666666,0.9525568370242505
582,0.7,0.7777777777777778,0.7368421052631577,0.9761440429040878
5820,0.4,1.0,0.5714285714285715,0.9656292443663473
5821,0.6,0.8571428571428571,0.7058823529411764,0.928987868675993
5822,0.5,1.0,0.6666666666666666,0.9225240748734744
5823,0.1,0.14285714285714285,0.11764705882352941,0.9620669832973471
5824,0.4,0.1,0.16000000000000003,0.945560955480304
5825,0.6,0.35294117647058826,0.4444444444444445,0.885059383563033
5826,0.7,0.30434782608695654,0.42424242424242425,0.9298448114903036
5827,0.4,0.3333333333333333,0.3636363636363636,0.9278364715869356
5828,0.5,1.0,0.6666666666666666,0.9676124533585297
5829,0.6,0.6,0.6,0.9789897775369817
583,0.9,0.36,0.5142857142857143,0.9621021941773628
5830,0.7,0.875,0.7777777777777777,0.9697827641769757
5831,1.0,0.059880239520958084,0.11299435028248588,0.9683809492124369
5832,0.9,0.6428571428571429,0.75,0.9533206042691162
5833,0.8,0.7272727272727273,0.761904761904762,0.9681261057547603
5834,0.5,1.0,0.6666666666666666,0.9200233568145968
5835,0.2857142857142857,1.0,0.4444444444444445,0.9445309307032125
5836,0.8,1.0,0.888888888888889,0.9552398675935881
5837,0.9,0.11538461538461539,0.20454545454545456,0.95329412838341
5838,0.9,0.2571428571428571,0.39999999999999997,0.9433451132486834
5839,0.5714285714285714,1.0,0.7272727272727273,0.9835450330788845
584,0.375,1.0,0.5454545454545454,0.9421888457767108
5840,0.7,0.25,0.3684210526315789,0.9510777237757764
5841,0.7,0.2413793103448276,0.358974358974359,0.9362938360094096
5842,0.9,1.0,0.9473684210526316,0.9211612436446274
5843,0.7,0.2413793103448276,0.358974358974359,0.8926699796367061
5844,0.6,0.5,0.5454545454545454,0.9202348411654865
5845,0.8,0.36363636363636365,0.5000000000000001,0.9820012349491912
5846,0.4,0.6666666666666666,0.5,0.9700537533456463
5847,0.9,0.28125,0.4285714285714286,0.9834092549099822
5848,0.9,0.16981132075471697,0.2857142857142857,0.95850761954505
5849,0.5555555555555556,1.0,0.7142857142857143,0.9952247755746982
585,0.7,0.4666666666666667,0.56,0.9841963789909802
5850,0.7,0.875,0.7777777777777777,0.8629339348992413
5851,0.8,0.42105263157894735,0.5517241379310345,0.9820012349491912
5852,1.0,0.2857142857142857,0.4444444444444445,0.9887771525272553
5853,0.6,0.42857142857142855,0.5,0.8930936417465839
5854,0.8,0.25,0.38095238095238093,0.9683411523335436
5855,0.3,0.75,0.4285714285714285,0.95402857441048
5856,0.7,1.0,0.8235294117647058,0.8978891255046683
5857,0.7,0.30434782608695654,0.42424242424242425,0.9002726327524466
5858,0.8,0.3076923076923077,0.4444444444444444,0.9558083444643833
5859,0.42857142857142855,1.0,0.6,0.9964578826436817
586,0.5714285714285714,1.0,0.7272727272727273,0.9817006391150153
5860,0.3,0.6,0.4,0.9639846796893623
5861,0.8,0.38095238095238093,0.5161290322580645,0.9712998461843051
5862,0.9,0.34615384615384615,0.5,0.9999999999999999
5863,0.4,1.0,0.5714285714285715,0.8561367774849433
5864,0.25,1.0,0.4,0.9508878234386304
5865,0.6,0.75,0.6666666666666665,0.9672947012583653
5866,0.5714285714285714,1.0,0.7272727272727273,0.9366695658111204
5867,0.42857142857142855,1.0,0.6,0.9330044929790343
5868,0.8,0.8888888888888888,0.8421052631578948,0.9820012349491912
5869,0.6,0.6666666666666666,0.631578947368421,0.9534056025954047
587,0.7,0.1346153846153846,0.22580645161290322,0.9254777540336296
5870,0.5,1.0,0.6666666666666666,0.8667152634524067
5871,0.7,0.6363636363636364,0.6666666666666666,0.9589171891171091
5872,0.7,0.3181818181818182,0.4375,0.9922767263334253
5873,0.42857142857142855,1.0,0.6,0.9130832150008519
5874,0.8,0.22857142857142856,0.3555555555555555,0.9325550628351754
5875,0.9,0.5,0.6428571428571429,0.957923816155296
5876,0.4,1.0,0.5714285714285715,0.9731455036998373
5877,0.6,1.0,0.7499999999999999,0.9083078844893838
5878,0.8,0.1095890410958904,0.19277108433734938,0.9206697012822572
5879,0.4,1.0,0.5714285714285715,0.9331596059840649
588,0.6,0.17142857142857143,0.26666666666666666,0.9652320325164023
5880,0.7,0.1044776119402985,0.18181818181818182,0.9277052062079608
5881,0.7,0.2692307692307692,0.3888888888888889,0.9345824376867312
5882,0.625,1.0,0.7692307692307693,0.9801985352393847
5883,0.5,1.0,0.6666666666666666,0.9675433989187427
5884,0.6,0.6666666666666666,0.631578947368421,0.9485576218013239
5885,0.4,0.5714285714285714,0.47058823529411764,0.9828572186803003
5886,0.9,0.20930232558139536,0.339622641509434,0.9177655695671754
5887,0.8,0.7272727272727273,0.761904761904762,0.9441161776589878
5888,0.9,0.15,0.2571428571428572,0.950872582471445
5889,0.6,0.4,0.48,0.9067156973473606
589,0.6666666666666666,1.0,0.8,0.9751798299039032
5890,0.9,0.2,0.32727272727272727,0.95850761954505
5891,0.6,0.6666666666666666,0.631578947368421,0.902277482235301
5892,0.3,0.75,0.4285714285714285,0.9611499012727941
5893,0.7,0.5,0.5833333333333334,0.9288392478192259
5894,0.5,0.625,0.5555555555555556,0.9743714747496639
5895,0.6,0.8571428571428571,0.7058823529411764,0.9186205288027943
5896,0.7,0.28,0.4,0.929401947905327
5897,0.3,1.0,0.4615384615384615,0.9403335700655459
5898,0.8333333333333334,1.0,0.9090909090909091,0.9441152208760585
5899,0.8,1.0,0.888888888888889,0.9777568761062976
59,0.7,0.3684210526315789,0.48275862068965514,0.9747680736607058
590,0.8,0.2962962962962963,0.43243243243243246,0.9182956065634389
5900,0.6,0.5454545454545454,0.5714285714285713,0.9656279698866019
5901,0.5,1.0,0.6666666666666666,0.996331408614313
5902,0.7,0.5384615384615384,0.608695652173913,0.9234054429931936
5903,0.7,0.5833333333333334,0.6363636363636365,0.9369651106299688
5904,0.75,1.0,0.8571428571428571,0.9875377726873797
5905,0.9,0.5,0.6428571428571429,0.9656340243729868
5906,0.5,0.4166666666666667,0.45454545454545453,0.9288132157157464
5907,0.5,1.0,0.6666666666666666,0.8982577858956541
5908,0.5,0.3333333333333333,0.4,0.9712998461843051
5909,0.6666666666666666,1.0,0.8,0.9008199245211906
591,0.9,0.3333333333333333,0.48648648648648646,0.8945572257528631
5910,0.7,0.4666666666666667,0.56,0.9466970991111561
5911,0.8,0.5333333333333333,0.64,0.9820012349491912
5912,0.8,0.5333333333333333,0.64,0.9674080463269581
5913,0.6,0.6666666666666666,0.631578947368421,0.9111419653231315
5914,0.8571428571428571,1.0,0.923076923076923,0.9878227885220325
5915,0.6,0.3157894736842105,0.41379310344827586,0.9775543050545107
5916,0.6,0.12,0.19999999999999998,0.9145952561729114
5917,0.7,0.21875,0.3333333333333333,0.9689353957207153
5918,0.6,1.0,0.7499999999999999,0.9605039933128965
5919,0.5714285714285714,1.0,0.7272727272727273,0.7316023373023339
592,0.8,1.0,0.888888888888889,0.9999999999999999
5920,0.6,0.6,0.6,0.986370490587051
5921,0.6,1.0,0.7499999999999999,0.9205000506968063
5922,0.7,0.2413793103448276,0.358974358974359,0.9095173174416522
5923,0.7142857142857143,1.0,0.8333333333333333,0.9463363154801558
5924,0.6,0.5,0.5454545454545454,0.9669049106785752
5925,0.6,0.2222222222222222,0.32432432432432434,0.8763805927778908
5926,0.6,0.75,0.6666666666666665,0.9124253078514762
5927,0.8,0.26666666666666666,0.4,0.9108364399503749
5928,0.4,1.0,0.5714285714285715,0.9425511433847913
5929,0.3,0.42857142857142855,0.3529411764705882,0.8993106726609148
593,0.2,0.3333333333333333,0.25,0.9728186263123081
5930,0.8,0.7272727272727273,0.761904761904762,0.9723705493124036
5931,0.4,0.4444444444444444,0.4210526315789474,0.9278569228786756
5932,0.6,1.0,0.7499999999999999,0.9999999999999999
5933,0.2222222222222222,1.0,0.3636363636363636,0.9719621589706763
5934,0.8,0.8,0.8000000000000002,0.977772496389062
5935,0.625,1.0,0.7692307692307693,0.8693442639149297
5936,0.875,1.0,0.9333333333333333,0.9786533063728514
5937,0.8,0.7272727272727273,0.761904761904762,0.8699364735190726
5938,0.5,0.4166666666666667,0.45454545454545453,0.945875017604171
5939,0.5,0.625,0.5555555555555556,0.9817581232348055
594,0.9,0.36,0.5142857142857143,0.9999999999999999
5940,0.6,1.0,0.7499999999999999,0.8712414287168512
5941,0.42857142857142855,1.0,0.6,0.8711109141114185
5942,0.8,0.32,0.45714285714285713,0.9195395233473876
5943,0.7,0.875,0.7777777777777777,0.966601526168081
5944,0.4,1.0,0.5714285714285715,1.0
5945,0.8571428571428571,1.0,0.923076923076923,1.0
5946,0.7,0.5384615384615384,0.608695652173913,0.9516547269984866
5947,0.7,0.3888888888888889,0.5,0.8209929092389423
5948,0.9,0.21428571428571427,0.3461538461538461,0.9918115394479871
5949,0.6,0.3157894736842105,0.41379310344827586,0.9761362517541068
595,0.9,0.6428571428571429,0.75,0.9752982650390741
5950,0.9,0.16071428571428573,0.27272727272727276,0.936411476636879
5951,0.7,1.0,0.8235294117647058,0.8995528172182334
5952,0.5,0.5,0.5,0.9615572121244959
5953,0.9,0.6,0.7200000000000001,0.9774201884671817
5954,0.7,0.07777777777777778,0.14,0.9180272087111347
5955,0.5,0.13157894736842105,0.20833333333333334,0.9289643916843553
5956,0.6,0.25,0.35294117647058826,0.9820816453543036
5957,0.7,0.2692307692307692,0.3888888888888889,0.9572406365752314
5958,0.5,0.38461538461538464,0.4347826086956522,0.9593299416417217
5959,0.2,0.4,0.26666666666666666,0.9278853991921467
596,0.3333333333333333,1.0,0.5,0.8228478092244661
5960,0.6,0.25,0.35294117647058826,0.9455203971729008
5961,0.5,0.25,0.3333333333333333,0.9516998652661177
5962,1.0,1.0,1.0,0.9999999999999999
5963,0.8,0.38095238095238093,0.5161290322580645,0.944313821477427
5964,0.8,0.11764705882352941,0.20512820512820512,0.9293555480609283
5965,0.375,1.0,0.5454545454545454,0.904559333804986
5966,0.6,0.8571428571428571,0.7058823529411764,0.7750736950576185
5967,0.6,1.0,0.7499999999999999,0.9725276240747033
5968,0.7142857142857143,1.0,0.8333333333333333,0.9360951281761579
5969,0.5,0.7142857142857143,0.588235294117647,0.9727378907484358
597,0.9,0.9,0.9,0.9999999999999999
5970,0.5555555555555556,1.0,0.7142857142857143,0.8848980474029733
5971,0.6,0.35294117647058826,0.4444444444444445,0.9537038240564029
5972,0.7,0.1206896551724138,0.2058823529411765,0.9391534018472288
5973,0.75,1.0,0.8571428571428571,0.9884356913083785
5974,0.9,0.34615384615384615,0.5,0.9361111405699033
5975,0.4,1.0,0.5714285714285715,0.9828572186803003
5976,0.9,0.5294117647058824,0.6666666666666667,0.9332424156632918
5977,0.6,1.0,0.7499999999999999,0.9765981605138886
5978,0.8,0.19047619047619047,0.3076923076923077,0.9646777740304642
5979,0.5714285714285714,1.0,0.7272727272727273,0.9395404569741146
598,0.5,1.0,0.6666666666666666,0.9804786434138244
5980,0.8,0.2857142857142857,0.4210526315789473,0.9095157328983594
5981,0.9,0.2727272727272727,0.41860465116279066,0.9883924165147044
5982,0.6,0.3157894736842105,0.41379310344827586,0.9530822085084355
5983,0.6666666666666666,1.0,0.8,0.9659230729796436
5984,1.0,1.0,1.0,1.0
5985,0.7,0.6363636363636364,0.6666666666666666,0.9520825636127673
5986,0.8,0.5714285714285714,0.6666666666666666,0.9812151062541489
5987,0.4,0.8,0.5333333333333333,0.9699426539463564
5988,0.5,0.8333333333333334,0.625,0.9104090894177442
5989,0.7,0.6363636363636364,0.6666666666666666,0.8629383701852925
599,0.5,1.0,0.6666666666666666,0.9533578020167156
5990,0.6,0.24,0.34285714285714286,0.9455203971729008
5991,0.6,0.5454545454545454,0.5714285714285713,0.911040262529023
5992,0.8,0.7272727272727273,0.761904761904762,0.8864430650563478
5993,0.6666666666666666,1.0,0.8,0.9042581494561682
5994,0.5,0.625,0.5555555555555556,0.9310305946201902
5995,0.4,0.26666666666666666,0.32,0.9802305037073572
5996,0.9,0.1111111111111111,0.1978021978021978,0.9332424156632918
5997,0.3,0.6,0.4,0.9359389225264995
5998,0.7,0.5,0.5833333333333334,0.950218567400116
5999,0.6666666666666666,1.0,0.8,0.9754626716125607
6,0.6,0.6,0.6,0.8851855064379267
60,0.6,0.75,0.6666666666666665,0.8954544382953821
600,0.6,1.0,0.7499999999999999,0.9783446823995325
6000,0.7,0.1891891891891892,0.2978723404255319,0.9237405224186584
6001,1.0,0.30303030303030304,0.4651162790697675,0.9775543050545107
6002,0.8,0.2857142857142857,0.4210526315789473,0.9910006174745954
6003,0.5,0.22727272727272727,0.3125,0.9332424156632918
6004,0.4,0.8,0.5333333333333333,0.9901183955439956
6005,0.8,0.6153846153846154,0.6956521739130435,0.9484127518898294
6006,0.8,0.47058823529411764,0.5925925925925927,0.9188434222425952
6007,0.3,0.11538461538461539,0.16666666666666669,0.9116242803905257
6008,0.8571428571428571,1.0,0.923076923076923,0.968679987479711
6009,0.2,1.0,0.33333333333333337,0.9408468379494845
601,0.7,0.21212121212121213,0.3255813953488372,0.9055624771044662
6010,0.8,0.34782608695652173,0.48484848484848486,0.9820012349491912
6011,0.6,0.46153846153846156,0.5217391304347826,0.987649132519537
6012,0.8,1.0,0.888888888888889,0.9477359199410633
6013,0.9,0.5625,0.6923076923076923,0.9918115394479871
6014,1.0,0.5882352941176471,0.7407407407407407,0.9700927458242443
6015,0.4,1.0,0.5714285714285715,0.9445554550114708
6016,0.8,0.13333333333333333,0.2285714285714286,0.9543504308639281
6017,0.42857142857142855,1.0,0.6,0.9096435727604069
6018,0.9,0.5294117647058824,0.6666666666666667,0.9828170121864932
6019,0.8,0.7272727272727273,0.761904761904762,0.9458323697038933
602,0.8,0.5,0.6153846153846154,0.8985806288583419
6020,0.3333333333333333,1.0,0.5,0.9415909916074453
6021,0.6,0.375,0.4615384615384615,0.9439052477081101
6022,0.4,1.0,0.5714285714285715,0.9857993056219971
6023,0.8,0.5,0.6153846153846154,0.9711642149940835
6024,0.5,0.625,0.5555555555555556,0.95850761954505
6025,0.6,0.2222222222222222,0.32432432432432434,0.9408911578394883
6026,0.6,0.75,0.6666666666666665,0.9704383155018612
6027,0.875,1.0,0.9333333333333333,1.0
6028,0.6,1.0,0.7499999999999999,0.9706313010841795
6029,0.5714285714285714,1.0,0.7272727272727273,0.9845623613438875
603,0.6,0.75,0.6666666666666665,0.941245063628505
6030,0.6,0.6,0.6,0.9721244101935496
6031,0.5,0.8333333333333334,0.625,0.9134182230997361
6032,0.8,0.47058823529411764,0.5925925925925927,0.9198251869023352
6033,0.4,0.8,0.5333333333333333,0.9345554008364652
6034,0.6,1.0,0.7499999999999999,0.9315590555090092
6035,0.7,0.20588235294117646,0.3181818181818182,0.9232527734058803
6036,1.0,0.125,0.2222222222222222,0.9887771525272553
6037,0.5,0.20833333333333334,0.29411764705882354,0.9421376930954983
6038,0.75,1.0,0.8571428571428571,0.9774076642561879
6039,0.7,0.4375,0.5384615384615384,0.9728242162496618
604,0.5,0.22727272727272727,0.3125,0.9055930158045062
6040,1.0,0.24390243902439024,0.39215686274509803,0.9487429494993278
605,0.7,0.6363636363636364,0.6666666666666666,0.978567340715506
606,0.5714285714285714,1.0,0.7272727272727273,0.9235474192474155
607,0.6,1.0,0.7499999999999999,0.9793444269386193
608,0.9,0.375,0.5294117647058825,0.9595776562373776
609,0.3,0.75,0.4285714285714285,0.9579093785938091
61,0.75,1.0,0.8571428571428571,0.936851888060123
610,0.5,0.4166666666666667,0.45454545454545453,0.9076650840972355
611,0.3,0.3333333333333333,0.3157894736842105,0.9578736003717896
612,0.6,1.0,0.7499999999999999,0.9579795550739632
613,0.6,0.5454545454545454,0.5714285714285713,0.9621247771848179
614,0.6,1.0,0.7499999999999999,0.8973277238537671
615,0.5,0.625,0.5555555555555556,0.9301955153894367
616,0.4444444444444444,1.0,0.6153846153846153,0.9702997971693342
617,0.6,1.0,0.7499999999999999,0.9783446823995325
618,0.3333333333333333,1.0,0.5,0.9378861715012631
619,0.6,1.0,0.7499999999999999,0.9354814701229011
62,0.4,0.07142857142857142,0.12121212121212122,0.945560955480304
620,1.0,0.625,0.7692307692307693,0.9683809492124369
621,1.0,0.3225806451612903,0.4878048780487805,0.9855701107429646
622,0.3,0.75,0.4285714285714285,0.9543504308639281
623,0.8,0.5,0.6153846153846154,0.9900596631958939
624,1.0,0.22727272727272727,0.37037037037037035,0.9639846796893623
625,0.4444444444444444,1.0,0.6153846153846153,0.9352681487739893
626,0.4,0.8,0.5333333333333333,0.9475216967440258
627,0.7142857142857143,1.0,0.8333333333333333,0.9258870140890213
628,0.4,1.0,0.5714285714285715,0.9459449410679581
629,0.7,0.30434782608695654,0.42424242424242425,0.9770050598494673
63,0.7,0.7,0.7,0.9076058954104397
630,0.5,0.45454545454545453,0.47619047619047616,0.9817581232348055
631,0.7,0.19444444444444445,0.30434782608695654,0.9578902112437672
632,0.5714285714285714,1.0,0.7272727272727273,0.9528600021583292
633,0.5555555555555556,1.0,0.7142857142857143,0.9903897509212188
634,0.6,1.0,0.7499999999999999,0.9642472930334256
635,0.3,0.3,0.3,0.9611499012727941
636,0.6,0.75,0.6666666666666665,0.9668470839830546
637,0.8,0.1568627450980392,0.2622950819672131,0.9464914922259577
638,0.5,0.5555555555555556,0.5263157894736842,0.9164952850994245
639,0.8,0.1509433962264151,0.25396825396825395,0.9773505414690052
64,0.8333333333333334,1.0,0.9090909090909091,0.9882622610090693
640,0.6,1.0,0.7499999999999999,0.9793444269386193
641,0.7,0.3684210526315789,0.48275862068965514,0.8753452412814423
642,0.5,1.0,0.6666666666666666,0.9964946217438897
643,0.7,0.7777777777777778,0.7368421052631577,0.9347231166605667
644,0.7,0.5833333333333334,0.6363636363636365,0.9682588280739628
645,0.7777777777777778,1.0,0.8750000000000001,0.9385771928328899
646,0.8,0.27586206896551724,0.4102564102564103,0.9410422906067071
647,0.7,0.3333333333333333,0.45161290322580644,0.9543511580632158
648,0.9,0.36,0.5142857142857143,0.95329412838341
649,0.9,1.0,0.9473684210526316,0.9855701107429646
65,0.7,0.5,0.5833333333333334,0.9589171891171091
650,0.875,1.0,0.9333333333333333,0.8714488811764498
651,0.8,0.13793103448275862,0.2352941176470588,0.9458323697038933
652,0.5,0.2777777777777778,0.35714285714285715,0.869486144658418
653,0.2,1.0,0.33333333333333337,0.9599115385551773
654,0.5,0.29411764705882354,0.37037037037037035,0.9516998652661177
655,0.9,0.17307692307692307,0.2903225806451613,0.9013515873048095
656,0.7,0.30434782608695654,0.42424242424242425,0.876349012358366
657,0.7,0.7777777777777778,0.7368421052631577,0.9675563425799882
658,0.9,0.6923076923076923,0.7826086956521738,0.9368368498530433
659,0.6,0.5,0.5454545454545454,0.947407530451399
66,0.6666666666666666,1.0,0.8,0.9435702958953031
660,0.9,0.08823529411764706,0.16071428571428573,0.9792565422206223
661,0.7,1.0,0.8235294117647058,0.9800239653228319
662,0.5,0.45454545454545453,0.47619047619047616,0.9474273380149378
663,0.4,0.4,0.4000000000000001,0.9199538334641408
664,0.3,0.23076923076923078,0.2608695652173913,0.9611499012727941
665,0.5,1.0,0.6666666666666666,0.8015171707186302
666,0.7,0.4375,0.5384615384615384,0.9238908757315483
667,0.7,0.5,0.5833333333333334,0.9203817433087285
668,0.625,1.0,0.7692307692307693,0.9789136705655782
669,0.8,0.14285714285714285,0.24242424242424243,0.9684484918908418
67,0.3,0.6,0.4,0.9819923398446812
670,0.7,0.7777777777777778,0.7368421052631577,0.9928629888362267
671,0.2,0.25,0.22222222222222224,0.9904198418056278
672,0.6,1.0,0.7499999999999999,0.9570436629988365
673,0.8,0.21621621621621623,0.3404255319148936,0.9692027789385074
674,0.8,0.8888888888888888,0.8421052631578948,0.9723705493124036
675,0.5555555555555556,1.0,0.7142857142857143,0.9081391995173428
676,0.6,0.24,0.34285714285714286,0.9491184555786402
677,0.8,0.27586206896551724,0.4102564102564103,0.9732457461129788
678,1.0,0.07751937984496124,0.14388489208633096,0.9639846796893623
679,0.4,0.8,0.5333333333333333,0.9700927458242443
68,0.5,0.7142857142857143,0.588235294117647,0.9445455922972841
680,0.42857142857142855,1.0,0.6,0.8855415340715783
681,0.625,1.0,0.7692307692307693,0.951334727881133
682,0.8,1.0,0.888888888888889,0.9820012349491912
683,0.8333333333333334,1.0,0.9090909090909091,0.9497249453669859
684,0.875,1.0,0.9333333333333333,1.0
685,0.4,0.3076923076923077,0.34782608695652173,0.9014953296458145
686,0.5,1.0,0.6666666666666666,0.9439076406409447
687,0.6,0.15789473684210525,0.25,0.924177763338596
688,0.625,1.0,0.7692307692307693,0.9656030037675621
689,0.4,0.4,0.4000000000000001,0.9133520518798067
69,0.7,0.7777777777777778,0.7368421052631577,0.9687422649163075
690,0.7,0.3888888888888889,0.5,0.9900119826614159
691,0.5,0.8333333333333334,0.625,0.9487429494993278
692,1.0,0.10309278350515463,0.18691588785046725,0.9743714747496639
693,0.7,0.875,0.7777777777777777,0.9773721862672702
694,0.875,1.0,0.9333333333333333,0.9587859707927892
695,0.7,0.3181818181818182,0.4375,0.9303607942367492
696,0.9,0.15517241379310345,0.2647058823529411,0.9656340243729868
697,0.5,0.3125,0.38461538461538464,0.8792834089738004
698,0.9,0.3103448275862069,0.4615384615384615,0.940027326013301
699,0.7,0.12727272727272726,0.2153846153846154,0.95402857441048
7,0.5714285714285714,1.0,0.7272727272727273,0.9473782013585036
70,0.7,1.0,0.8235294117647058,0.9288132157157464
700,0.7142857142857143,1.0,0.8333333333333333,0.8982365855913079
701,0.7,0.7,0.7,0.9675563425799882
702,0.6,0.13953488372093023,0.22641509433962265,0.9159591101479264
703,0.5,1.0,0.6666666666666666,0.9705215009785777
704,0.6,0.6666666666666666,0.631578947368421,0.9060439336359621
705,0.6,0.46153846153846156,0.5217391304347826,0.9530822085084355
706,0.7,0.4375,0.5384615384615384,0.9363969671945586
707,0.7,0.875,0.7777777777777777,0.9657619894539502
708,0.75,1.0,0.8571428571428571,0.9774076642561879
709,0.6,0.8571428571428571,0.7058823529411764,0.959359258188035
71,0.8333333333333334,1.0,0.9090909090909091,0.8904431852172421
710,1.0,0.09803921568627451,0.17857142857142855,0.9683809492124369
711,0.3,0.2727272727272727,0.28571428571428564,0.9578736003717896
712,0.6,0.20689655172413793,0.3076923076923077,0.9116833791303662
713,0.8,0.2962962962962963,0.43243243243243246,0.9366823046670874
714,0.5,0.12195121951219512,0.19607843137254902,0.987185737374832
715,0.7,0.5833333333333334,0.6363636363636365,0.9707913848072217
716,0.5,0.16129032258064516,0.24390243902439024,0.987185737374832
717,0.625,1.0,0.7692307692307693,0.9132991842175666
718,0.9,0.42857142857142855,0.5806451612903225,0.9165691580180548
719,0.5,1.0,0.6666666666666666,0.953334012177742
72,0.5555555555555556,1.0,0.7142857142857143,0.9347960202787469
720,0.9,0.32142857142857145,0.4736842105263158,0.9805207171360204
721,0.6,0.08823529411764706,0.15384615384615385,0.9202348411654865
722,0.8,0.8888888888888888,0.8421052631578948,0.9487165068622232
723,0.4,1.0,0.5714285714285715,0.8756814867284031
724,0.7,0.3888888888888889,0.5,0.9603780356743472
725,0.6,0.8571428571428571,0.7058823529411764,0.9878761735156101
726,0.1,0.5,0.16666666666666669,0.9623548488793522
727,0.7,0.25925925925925924,0.37837837837837834,0.9214656714740421
728,0.8,0.42105263157894735,0.5517241379310345,0.9773505414690052
729,0.6,0.3157894736842105,0.41379310344827586,0.9696165082698412
73,0.8,0.4444444444444444,0.5714285714285714,0.9195395233473876
730,0.7,0.875,0.7777777777777777,0.9556658662924052
731,0.9,0.11538461538461539,0.20454545454545456,0.978567340715506
732,0.8,0.4,0.5333333333333333,0.9958983540010425
733,0.3,0.42857142857142855,0.3529411764705882,0.9789368001858949
734,0.6666666666666666,1.0,0.8,0.9518223208963971
735,0.7,0.14285714285714285,0.23728813559322035,0.9593919073450913
736,0.9,0.5,0.6428571428571429,0.9855701107429646
737,0.8,0.3076923076923077,0.4444444444444444,0.9300992210047795
738,0.5714285714285714,1.0,0.7272727272727273,0.9555608881346491
739,0.7,0.5,0.5833333333333334,0.9882343997895097
74,0.5555555555555556,1.0,0.7142857142857143,0.9868187311854624
740,0.625,1.0,0.7692307692307693,0.9867228533364124
741,0.5,0.625,0.5555555555555556,0.837764621337561
742,0.6666666666666666,1.0,0.8,0.9599610617186662
743,0.7,0.4375,0.5384615384615384,0.8798631137899087
744,0.7,0.23333333333333334,0.35,0.8687710523196649
745,0.6,1.0,0.7499999999999999,0.9677584336841215
746,0.8,0.14814814814814814,0.25,0.947244226789251
747,0.8571428571428571,1.0,0.923076923076923,0.9466409885673077
748,0.8,0.8888888888888888,0.8421052631578948,0.9820012349491912
749,0.5,0.14285714285714285,0.22222222222222224,0.9678019947851113
75,0.6,0.42857142857142855,0.5,0.9551086101090213
750,0.7,1.0,0.8235294117647058,0.9900119826614159
751,1.0,1.0,1.0,1.0
752,0.9,0.075,0.13846153846153847,0.9422668969792882
753,0.9,0.3,0.45000000000000007,0.9561199581209494
754,0.7,0.3684210526315789,0.48275862068965514,0.9707913848072217
755,0.5,0.5555555555555556,0.5263157894736842,0.9588956692051315
756,0.5714285714285714,1.0,0.7272727272727273,0.9595588961656624
757,0.9,0.23684210526315788,0.375,0.9237712445803263
758,0.8333333333333334,1.0,0.9090909090909091,0.9630018558817578
759,0.6,0.5454545454545454,0.5714285714285713,0.9530822085084355
76,0.6,0.8571428571428571,0.7058823529411764,0.9775543050545107
760,0.5,0.8333333333333334,0.625,0.9017669335456562
761,0.5,1.0,0.6666666666666666,0.9052090508437941
762,0.5,1.0,0.6666666666666666,0.932303127446992
763,0.6666666666666666,1.0,0.8,0.9647591201443422
764,0.7,0.3684210526315789,0.48275862068965514,0.9655655986918702
765,0.8,0.17777777777777778,0.2909090909090909,0.9773505414690052
766,0.6,1.0,0.7499999999999999,0.9551943348628251
767,0.9,0.3103448275862069,0.4615384615384615,0.9774201884671817
768,0.7,1.0,0.8235294117647058,0.9800239653228319
769,0.8,1.0,0.888888888888889,0.9828572186803003
77,0.375,1.0,0.5454545454545454,0.938872815893615
770,0.9,0.14754098360655737,0.2535211267605634,0.9619713787341377
771,0.5,1.0,0.6666666666666666,0.9735104782198315
772,0.6,0.6,0.6,0.8480297006922404
773,0.4,1.0,0.5714285714285715,0.975541440014024
774,0.6,0.4,0.48,0.9789897775369817
775,0.4,1.0,0.5714285714285715,0.9439411584139565
776,0.6,0.42857142857142855,0.5,0.904668028368356
777,0.8,0.13333333333333333,0.2285714285714286,0.9386399503524265
778,1.0,0.47619047619047616,0.6451612903225806,0.9800239653228319
779,0.6,1.0,0.7499999999999999,0.954488683269658
78,0.3,0.3333333333333333,0.3157894736842105,0.9639846796893623
780,0.7,0.15217391304347827,0.25,0.9894642526606533
781,0.9,0.42857142857142855,0.5806451612903225,0.95329412838341
782,0.4,1.0,0.5714285714285715,0.7919052121211545
783,0.9,0.6,0.7200000000000001,0.950447586923794
784,0.8333333333333334,1.0,0.9090909090909091,0.9044985668901439
785,0.6,0.5,0.5454545454545454,0.8985535664015241
786,0.5,1.0,0.6666666666666666,0.9747347961182418
787,1.0,0.5882352941176471,0.7407407407407407,0.987185737374832
788,0.6,0.2857142857142857,0.3870967741935483,0.9510145922699887
789,0.6,0.5,0.5454545454545454,0.9414725567971539
79,0.5714285714285714,1.0,0.7272727272727273,0.857674808537981
790,0.6,1.0,0.7499999999999999,0.928244728374347
791,0.9,0.2,0.32727272727272727,0.9723705493124036
792,0.5,0.625,0.5555555555555556,0.9033997305322357
793,0.7,0.5,0.5833333333333334,0.9329736800323636
794,0.6666666666666666,1.0,0.8,0.9488447610071478
795,1.0,0.5,0.6666666666666666,0.9639846796893623
796,0.6,0.2222222222222222,0.32432432432432434,0.9570782311332297
797,0.6,0.5454545454545454,0.5714285714285713,0.9095332175947122
798,0.8,0.3076923076923077,0.4444444444444444,0.9630161970932718
799,0.625,1.0,0.7692307692307693,0.9243491642173861
8,0.7,0.5833333333333334,0.6363636363636365,0.935219952336322
80,0.7,1.0,0.8235294117647058,0.9673601951220218
800,0.9,0.25,0.391304347826087,0.9391862511446958
801,0.7,0.1891891891891892,0.2978723404255319,0.9542407963750834
802,1.0,0.12658227848101267,0.22471910112359553,0.9700927458242443
803,0.6,1.0,0.7499999999999999,0.9669049106785752
804,0.6666666666666666,1.0,0.8,0.9793088838191433
805,0.5,0.7142857142857143,0.588235294117647,0.9355876952836824
806,0.6,0.75,0.6666666666666665,0.9889490279943516
807,0.5714285714285714,1.0,0.7272727272727273,0.8890630308446437
808,0.9,0.36,0.5142857142857143,0.987367398059121
809,0.7,0.5833333333333334,0.6363636363636365,0.9209126723983392
81,0.7,0.5833333333333334,0.6363636363636365,0.9751517560192046
810,1.0,0.5882352941176471,0.7407407407407407,0.9639846796893623
811,0.4,0.6666666666666666,0.5,0.9776037887344143
812,0.5,0.7142857142857143,0.588235294117647,0.9743714747496639
813,0.5,0.7142857142857143,0.588235294117647,0.9580528331120061
814,0.5,1.0,0.6666666666666666,0.9317900847846831
815,0.6666666666666666,1.0,0.8,0.9659230729796436
816,0.5,0.21739130434782608,0.30303030303030304,0.9585130844412448
817,0.9,0.15789473684210525,0.26865671641791045,0.9603049068612064
818,0.9,0.47368421052631576,0.6206896551724138,0.9723705493124036
819,0.5,0.8333333333333334,0.625,0.9568804298952266
82,0.8,0.5,0.6153846153846154,0.9789368001858949
820,0.7,0.6363636363636364,0.6666666666666666,0.962288468910315
821,0.4,1.0,0.5714285714285715,0.8933290449298604
822,0.8,0.2,0.32000000000000006,0.9732457461129788
823,0.1,0.14285714285714285,0.11764705882352941,0.9391534018472288
824,0.5,0.15151515151515152,0.23255813953488375,0.9529428380435211
825,0.4444444444444444,1.0,0.6153846153846153,0.9409157256041725
826,0.6666666666666666,0.8,0.7272727272727272,0.9018382503773551
827,0.8,1.0,0.888888888888889,0.9823377951878006
828,0.7,0.5,0.5833333333333334,0.9779574499385687
829,0.5,0.38461538461538464,0.4347826086956522,0.9301955153894367
83,0.7,0.5833333333333334,0.6363636363636365,0.9374540326204839
830,1.0,0.5263157894736842,0.6896551724137931,0.9487429494993278
831,0.4,0.6666666666666666,0.5,0.9656340243729868
832,0.8,0.26666666666666666,0.4,0.9863457685924826
833,0.6,1.0,0.7499999999999999,0.9793444269386193
834,0.7,1.0,0.8235294117647058,0.9237405224186584
835,0.3333333333333333,1.0,0.5,0.9609066580483332
836,0.4,1.0,0.5714285714285715,0.8725360914152686
837,0.4,1.0,0.5714285714285715,0.8539587179537752
838,0.9,0.36,0.5142857142857143,0.9611499012727941
839,1.0,0.0847457627118644,0.15625,0.9910006174745954
84,0.7142857142857143,1.0,0.8333333333333333,0.8161755441265962
840,0.3,0.11538461538461539,0.16666666666666669,0.9433451132486834
841,0.3333333333333333,1.0,0.5,0.9740372349705576
842,0.375,1.0,0.5454545454545454,0.9146162276771169
843,0.7,0.35,0.4666666666666667,0.9418701404384111
844,0.4,0.5714285714285714,0.47058823529411764,0.9220959259516773
845,0.7,1.0,0.8235294117647058,0.9309162884250762
846,0.7,0.21212121212121213,0.3255813953488372,0.9148038138167379
847,0.5,0.8333333333333334,0.625,0.9249720260381843
848,0.4,1.0,0.5714285714285715,0.9700927458242443
849,0.4,0.4,0.4000000000000001,0.9617007622565275
85,0.625,1.0,0.7692307692307693,0.9594672996402271
850,0.9,0.13043478260869565,0.22784810126582278,0.9579093785938091
851,0.8,0.8,0.8000000000000002,0.9552398675935881
852,0.7142857142857143,1.0,0.8333333333333333,1.0
853,0.7,0.4117647058823529,0.5185185185185185,0.9484360245897033
854,0.7,0.18421052631578946,0.29166666666666663,0.9157421067721013
855,0.9,0.14516129032258066,0.25,0.950447586923794
856,0.3,0.75,0.4285714285714285,0.8360931187938184
857,0.7,0.875,0.7777777777777777,0.9277052062079608
858,0.5,0.3125,0.38461538461538464,0.987367398059121
859,0.7,0.4666666666666667,0.56,0.9570205952406418
86,0.7,1.0,0.8235294117647058,0.9700359479842476
860,0.5555555555555556,1.0,0.7142857142857143,0.9017565621077692
861,0.6,0.6666666666666666,0.631578947368421,0.9195920303741963
862,0.8,0.5,0.6153846153846154,0.9729161848519465
863,0.7,0.875,0.7777777777777777,0.9800239653228319
864,0.7,0.35,0.4666666666666667,0.9369651106299688
865,0.7777777777777778,1.0,0.8750000000000001,0.9526953118971051
866,0.625,1.0,0.7692307692307693,0.9335337179441072
867,0.3333333333333333,1.0,0.5,0.9501585741512135
868,0.8,0.7272727272727273,0.761904761904762,0.9773505414690052
869,0.6,0.06741573033707865,0.1212121212121212,0.9567847340101476
87,0.5,0.8333333333333334,0.625,0.9877917859853711
870,0.625,1.0,0.7692307692307693,0.9325962886707223
871,0.5555555555555556,1.0,0.7142857142857143,0.9501095072429419
872,0.6,0.5454545454545454,0.5714285714285713,0.970210688384497
873,0.9,0.2903225806451613,0.4390243902439024,0.9623548488793522
874,0.5,1.0,0.6666666666666666,0.9327709648590891
875,0.7,0.6363636363636364,0.6666666666666666,0.9221362324520178
876,0.7,0.4666666666666667,0.56,0.9232431953795731
877,0.7,0.109375,0.18918918918918917,0.9196420593208217
878,0.6,1.0,0.7499999999999999,0.9264889590827442
879,0.625,1.0,0.7692307692307693,0.9141336426129515
88,0.7,0.875,0.7777777777777777,0.967278612600205
880,0.5,0.5,0.5,0.9320476298223193
881,0.7,0.109375,0.18918918918918917,0.940696953698938
882,0.5,0.625,0.5555555555555556,0.9603049068612064
883,0.5,1.0,0.6666666666666666,0.7875723054320103
884,0.9,0.75,0.8181818181818182,0.9747846602592268
885,0.7,1.0,0.8235294117647058,0.9700359479842476
886,0.5714285714285714,1.0,0.7272727272727273,0.9557046345256379
887,0.9,0.6923076923076923,0.7826086956521738,0.9897313383008353
888,0.9,0.8181818181818182,0.8571428571428572,0.9579093785938091
889,0.9,0.05027932960893855,0.09523809523809523,0.9368555133379431
89,0.6,1.0,0.7499999999999999,1.0
890,0.9,0.2903225806451613,0.4390243902439024,0.966388567857874
891,0.6,0.24,0.34285714285714286,0.9591241492172977
892,0.42857142857142855,1.0,0.6,0.912578608957965
893,0.6,0.42857142857142855,0.5,0.9341313791058742
894,0.7,0.875,0.7777777777777777,0.9900119826614159
895,0.8,0.8,0.8000000000000002,0.9711642149940835
896,0.5,0.7142857142857143,0.588235294117647,0.9033997305322357
897,0.9,0.3103448275862069,0.4615384615384615,0.950447586923794
898,0.6,1.0,0.7499999999999999,0.9566893647990653
899,0.6,0.17647058823529413,0.2727272727272727,0.9572985724268266
9,0.8,0.5714285714285714,0.6666666666666666,0.9729161848519465
90,0.6,0.2727272727272727,0.37499999999999994,0.9215375701554547
900,0.5,1.0,0.6666666666666666,0.771263494473775
901,0.8571428571428571,1.0,0.923076923076923,0.9478097071692676
902,0.6,1.0,0.7499999999999999,0.9749774768100044
903,0.3,0.6,0.4,0.9960623788560014
904,0.7,0.2916666666666667,0.4117647058823529,0.8934656722969935
905,0.9,0.5625,0.6923076923076923,0.9729375088020854
906,0.6,1.0,0.7499999999999999,0.898654806377866
907,1.0,1.0,1.0,1.0
908,0.625,1.0,0.7692307692307693,0.9448082797582171
909,0.5,0.8333333333333334,0.625,0.9857405437282636
91,0.8888888888888888,1.0,0.9411764705882353,0.990789709946402
910,0.8,0.38095238095238093,0.5161290322580645,0.9683411523335436
911,0.8,0.1038961038961039,0.18390804597701152,0.9368104005576843
912,0.5555555555555556,1.0,0.7142857142857143,0.9481780752803579
913,0.5555555555555556,1.0,0.7142857142857143,0.9716733540844199
914,0.5,0.7142857142857143,0.588235294117647,0.9177913384102631
915,0.9,0.75,0.8181818181818182,0.9267082332787759
916,0.6,0.8571428571428571,0.7058823529411764,0.9258177965804658
917,0.5,1.0,0.6666666666666666,0.9210371590737033
918,0.7,0.3888888888888889,0.5,0.914535141004638
919,0.3,0.1875,0.23076923076923075,0.9789546892969045
92,1.0,0.19607843137254902,0.3278688524590164,0.9511983710138439
920,0.6,0.6666666666666666,0.631578947368421,0.892828793179595
921,0.9,0.42857142857142855,0.5806451612903225,0.9611499012727941
922,0.9,0.20454545454545456,0.33333333333333337,0.9655471885082402
923,0.7,1.0,0.8235294117647058,0.9559148998771374
924,0.8,0.25,0.38095238095238093,0.9484127518898294
925,0.8,0.7272727272727273,0.761904761904762,0.9239879708282901
926,0.4,0.4444444444444444,0.4210526315789474,0.9828170121864932
927,0.4,0.26666666666666666,0.32,0.9167463293837962
928,0.6,0.3333333333333333,0.42857142857142855,0.9752982650390741
929,0.6,0.12,0.19999999999999998,0.9463568440632398
93,0.8,0.36363636363636365,0.5000000000000001,0.9693539462556316
930,0.8,0.5714285714285714,0.6666666666666666,0.9524668542495364
931,0.4,0.3076923076923077,0.34782608695652173,0.9828572186803003
932,1.0,1.0,1.0,0.9999999999999999
933,0.5,1.0,0.6666666666666666,0.8860108030084292
934,0.9,0.1323529411764706,0.23076923076923075,0.9408241767184099
935,0.9,0.21951219512195122,0.3529411764705882,0.9680555702849517
936,0.6,0.6,0.6,0.9499722528556146
937,1.0,0.19607843137254902,0.3278688524590164,0.9775543050545107
938,0.5714285714285714,1.0,0.7272727272727273,0.9009145330009058
939,0.5,0.2631578947368421,0.3448275862068966,0.8315077570503611
94,0.6,1.0,0.7499999999999999,0.9012658389760206
940,1.0,0.7692307692307693,0.8695652173913044,0.9743714747496639
941,0.3333333333333333,1.0,0.5,0.8097198361294078
942,0.4,1.0,0.5714285714285715,1.0
943,0.5,0.7142857142857143,0.588235294117647,0.9003439079552967
944,0.6666666666666666,1.0,0.8,0.9935821566316362
945,0.6,0.3157894736842105,0.41379310344827586,0.961513047664476
946,0.5714285714285714,1.0,0.7272727272727273,0.9595588961656624
947,0.5,1.0,0.6666666666666666,0.9211876746504287
948,0.5,0.08771929824561403,0.14925373134328357,0.8340426635632928
949,1.0,0.20833333333333334,0.3448275862068966,0.9910006174745954
95,0.7,0.5833333333333334,0.6363636363636365,0.9612788462890515
950,0.6,1.0,0.7499999999999999,0.9374224011624742
951,1.0,1.0,1.0,0.9999999999999999
952,0.9,0.34615384615384615,0.5,0.9611499012727941
953,0.8,0.25,0.38095238095238093,0.952859784831047
954,0.8,0.42105263157894735,0.5517241379310345,0.9472706608899315
955,0.9,0.24324324324324326,0.3829787234042553,0.9476723049203274
956,0.4,0.5,0.4444444444444445,0.9511983710138439
957,0.5,0.16666666666666666,0.25,0.9286076905519388
958,0.3,0.23076923076923078,0.2608695652173913,0.9611499012727941
959,0.6,0.5,0.5454545454545454,0.9501083741055772
96,0.6,0.6,0.6,0.9206754805953071
960,1.0,0.5882352941176471,0.7407407407407407,0.9700927458242443
961,0.5,1.0,0.6666666666666666,0.9325755209248788
962,0.4,1.0,0.5714285714285715,0.9700927458242443
963,0.9,0.1956521739130435,0.3214285714285714,0.9730273984566121
964,0.7,0.7,0.7,0.933050407818233
965,1.0,0.8333333333333334,0.9090909090909091,0.9700927458242443
966,0.7,0.3181818181818182,0.4375,0.9802402515315557
967,0.5,0.5555555555555556,0.5263157894736842,0.9492333162807597
968,0.3,0.6,0.4,0.9277052062079608
969,0.8333333333333334,1.0,0.9090909090909091,0.9616453256920575
97,0.7,0.4117647058823529,0.5185185185185185,0.9700359479842476
970,0.6,0.13636363636363635,0.22222222222222218,0.9243694334738929
971,0.8,0.42105263157894735,0.5517241379310345,0.9729161848519465
972,0.7142857142857143,1.0,0.8333333333333333,0.8735179298544524
973,0.4,0.3076923076923077,0.34782608695652173,0.8504848222633817
974,0.5,0.8333333333333334,0.625,0.9644401781598244
975,0.9,0.25,0.391304347826087,0.9897313383008353
976,0.2,1.0,0.33333333333333337,0.9296846163642458
977,0.7,0.19444444444444445,0.30434782608695654,0.8947255281094182
978,0.6666666666666666,1.0,0.8,0.801533115349375
979,0.8,0.8,0.8000000000000002,0.961646505157554
98,0.5,1.0,0.6666666666666666,0.9624156243951677
980,0.4,0.3333333333333333,0.3636363636363636,0.9372727105595638
981,0.6,0.3,0.4,0.9279545334492756
982,0.5,0.8333333333333334,0.625,0.9430505725725972
983,0.7,0.6363636363636364,0.6666666666666666,0.9687422649163075
984,0.8,0.10666666666666667,0.18823529411764706,0.9171914633571588
985,0.4,0.4,0.4000000000000001,0.95329412838341
986,0.6,1.0,0.7499999999999999,0.9928935598486773
987,0.9,0.32142857142857145,0.4736842105263158,0.9611499012727941
988,0.8,0.6666666666666666,0.7272727272727272,0.97447288760701
989,0.8888888888888888,1.0,0.9411764705882353,0.9715524412925264
99,0.5,0.4166666666666667,0.45454545454545453,0.9800798064753935
990,0.7,0.6363636363636364,0.6666666666666666,0.9403805588296502
991,0.9,1.0,0.9473684210526316,0.9458029429404412
992,0.42857142857142855,1.0,0.6,0.974083558578264
993,0.7,1.0,0.8235294117647058,0.9717149541352007
994,0.625,1.0,0.7692307692307693,0.9734457066728247
995,0.6,1.0,0.7499999999999999,0.904577055348335
996,0.9,0.2,0.32727272727272727,0.9828170121864932
997,0.6666666666666666,1.0,0.8,0.9644198123486413
998,0.5,0.45454545454545453,0.47619047619047616,0.987185737374832
999,0.8,0.3076923076923077,0.4444444444444444,0.9537702920210317
